0.047351
0.047362
0.047393
0.047446
0.047519
0.047613
0.047728
0.047863
0.048020
0.048197
0.048396
0.048615
0.048855
0.049115
0.049397
0.049699
0.050022
0.050365
0.050730
0.051114
0.051520
0.051946
0.052393
0.052860
0.053348
0.053856
0.054385
0.054934
0.055503
0.056093
0.056703
0.057333
0.057983
0.058654
0.059344
0.060055
0.060786
0.061536
0.062307
0.063097
0.063907
0.064737
0.065587
0.066456
0.067345
0.068254
0.069181
0.070129
0.071096
0.072082
0.073087
0.074111
0.075155
0.076217
0.077299
0.078400
0.079519
0.080657
0.081814
0.082990
0.084184
0.085397
0.086628
0.087878
0.089146
0.090432
0.091737
0.093059
0.094400
0.095759
0.097135
0.098530
0.099942
0.101372
0.102819
0.104284
0.105767
0.107266
0.108784
0.110318
0.111869
0.113438
0.115024
0.116626
0.118246
0.119882
0.121535
0.123204
0.124890
0.126592
0.128311
0.130046
0.131797
0.133564
0.135347
0.137146
0.138961
0.140792
0.142638
0.144500
0.146377
0.148269
0.150176
0.152097
0.154033
0.155983
0.157947
0.159926
0.161917
0.163923
0.165942
0.167975
0.170021
0.172080
0.174152
0.176237
0.178335
0.180445
0.182568
0.184703
0.186850
0.189009
0.191180
0.193363
0.195557
0.197762
0.199979
0.200048
0.199767
0.199491
0.199240
0.199010
0.198806
0.198609
0.198371
0.198125
0.197893
0.197668
0.197453
0.197195
0.196924
0.196699
0.196557
0.196415
0.196232
0.196082
0.195936
0.195750
0.195543
0.195332
0.195107
0.194877
0.194629
0.194387
0.194192
0.193976
0.193735
0.193510
0.193267
0.193038
0.192775
0.192526
0.192256
0.192014
0.191786
0.191610
0.191426
0.191274
0.191143
0.190992
0.190913
0.190850
0.190753
0.190618
0.190457
0.190251
0.189982
0.189735
0.189477
0.189252
0.188993
0.188743
0.188426
0.188035
0.187666
0.187321
0.186952
0.186612
0.186287
0.185958
0.185623
0.185271
0.184883
0.184479
0.184070
0.183735
0.183405
0.183058
0.182682
0.182308
0.181914
0.181519
0.181122
0.180745
0.180407
0.180093
0.179744
0.179291
0.178864
0.178357
0.177964
0.177589
0.177224
0.176790
0.176384
0.175937
0.175422
0.174834
0.174273
0.173727
0.173257
0.172789
0.172284
0.171844
0.171518
0.171148
0.170732
0.170374
0.169899
0.169418
0.168985
0.168688
0.168370
0.167986
0.167647
0.167359
0.167096
0.166919
0.166699
0.166536
0.166476
0.166411
0.166275
0.166089
0.165829
0.165576
0.165369
0.165110
0.164790
0.164450
0.164130
0.163918
0.163671
0.163403
0.163079
0.162759
0.162450
0.162130
0.161806
0.161676
0.161761
0.161876
0.161978
0.162156
0.162359
0.162664
0.163046
0.163551
0.164074
0.164575
0.165267
0.165864
0.166453
0.166994
0.167555
0.168029
0.168370
0.168920
0.169563
0.170313
0.170894
0.171527
0.172263
0.172973
0.173688
0.174423
0.175122
0.175717
0.176231
0.176637
0.177105
0.177557
0.178125
0.178853
0.179509
0.180221
0.180829
0.181398
0.181966
0.182609
0.183290
0.184109
0.184926
0.185508
0.186029
0.186632
0.187178
0.187643
0.188096
0.188594
0.189187
0.189567
0.189934
0.190488
0.191189
0.191936
0.192843
0.193771
0.194711
0.195505
0.196184
0.197034
0.197869
0.198728
0.199721
0.200623
0.201544
0.202590
0.203370
0.203989
0.204760
0.205673
0.206616
0.207388
0.208194
0.208786
0.209157
0.209558
0.210065
0.210397
0.210781
0.211312
0.212041
0.212670
0.213168
0.213552
0.214106
0.214676
0.215425
0.215954
0.216615
0.217205
0.217686
0.218260
0.218852
0.219303
0.219578
0.219899
0.220340
0.220854
0.221441
0.222208
0.223049
0.223715
0.224048
0.224286
0.224535
0.224577
0.224625
0.224871
0.225247
0.225649
0.225963
0.226306
0.226584
0.226785
0.226946
0.227544
0.228492
0.229626
0.230701
0.231475
0.232048
0.232611
0.233438
0.234141
0.234523
0.234796
0.235160
0.235192
0.235050
0.235188
0.235377
0.235782
0.236311
0.236992
0.237669
0.238059
0.238342
0.238419
0.238412
0.238452
0.238653
0.239041
0.239744
0.240443
0.241252
0.241642
0.241990
0.242467
0.243316
0.244163
0.245008
0.245663
0.246291
0.247030
0.247755
0.248606
0.249517
0.250438
0.251305
0.251892
0.252419
0.253139
0.253976
0.255098
0.256239
0.257397
0.258613
0.259685
0.260798
0.262024
0.263240
0.264578
0.266147
0.268107
0.270085
0.272108
0.274258
0.276053
0.277675
0.279393
0.280831
0.282272
0.283826
0.285832
0.288054
0.290149
0.292372
0.294855
0.297516
0.300046
0.302722
0.305765
0.308678
0.311654
0.314256
0.316982
0.319959
0.323068
0.325900
0.328452
0.331331
0.334347
0.337426
0.340614
0.343898
0.347162
0.350511
0.353669
0.356957
0.360142
0.363250
0.366290
0.369438
0.372309
0.374964
0.377407
0.379675
0.381906
0.384449
0.387541
0.390776
0.393896
0.396528
0.399010
0.401137
0.403502
0.406116
0.409097
0.411990
0.414596
0.417247
0.419631
0.422108
0.424482
0.426727
0.429119
0.431427
0.433892
0.436567
0.439295
0.441832
0.444467
0.447195
0.450276
0.453335
0.456210
0.459163
0.462065
0.464773
0.467712
0.470815
0.474390
0.478032
0.481714
0.485820
0.490460
0.495316
0.499712
0.504651
0.509817
0.514758
0.519383
0.523437
0.527203
0.530988
0.534888
0.539538
0.544537
0.549750
0.554883
0.559936
0.565187
0.570340
0.575320
0.579517
0.583506
0.587923
0.592462
0.596908
0.601765
0.606614
0.611225
0.615684
0.620244
0.625002
0.629625
0.634058
0.638658
0.642829
0.646752
0.650924
0.655096
0.659055
0.663383
0.667214
0.670643
0.674324
0.678054
0.681953
0.685902
0.690052
0.694139
0.698049
0.701587
0.705301
0.709501
0.713841
0.718005
0.722650
0.727554
0.732123
0.736250
0.738714
0.738076
0.737428
0.736769
0.736099
0.735418
0.734727
0.734025
0.733312
0.732588
0.731854
0.731109
0.730353
0.729586
0.728809
0.728020
0.727221
0.726411
0.725590
0.724758
0.723916
0.723062
0.722198
0.721322
0.720436
0.719539
0.718630
0.717714
0.716792
0.715866
0.714934
0.713998
0.713056
0.712110
0.711159
0.710203
0.709243
0.708277
0.707308
0.706333
0.705355
0.704372
0.703384
0.702393
0.701397
0.700398
0.699395
0.698388
0.697377
0.696363
0.695346
0.694325
0.693301
0.692275
0.691245
0.690213
0.689179
0.688142
0.687103
0.686062
0.685019
0.683975
0.682929
0.681881
0.680833
0.679783
0.678733
0.677682
0.676631
0.675580
0.674529
0.673477
0.672427
0.671377
0.670327
0.669279
0.668231
0.667185
0.666141
0.665099
0.664058
0.663020
0.661984
0.660950
0.659920
0.658892
0.657868
0.656847
0.655829
0.654815
0.653806
0.652800
0.651798
0.650802
0.649809
0.648822
0.647840
0.646862
0.645890
0.644924
0.643963
0.643008
0.642060
0.641117
0.640180
0.639250
0.638326
0.637409
0.636498
0.635595
0.634698
0.633808
0.632926
0.632050
0.631182
0.630322
0.629468
0.628622
0.627784
0.626953
0.626130
0.625315
0.624507
0.623707
0.622914
0.622130
0.621353
0.620574
0.619786
0.618988
0.618180
0.617361
0.616532
0.615693
0.614844
0.613984
0.613114
0.612233
0.611342
0.610441
0.609530
0.608608
0.607676
0.606733
0.605781
0.604818
0.603846
0.602864
0.601872
0.600870
0.599859
0.598838
0.597809
0.596770
0.595722
0.594666
0.593601
0.592528
0.591447
0.590357
0.589260
0.588156
0.587044
0.585926
0.584800
0.583668
0.582530
0.581385
0.580235
0.579080
0.577919
0.576754
0.575584
0.574409
0.573231
0.572049
0.570864
0.569675
0.568484
0.567290
0.566094
0.564896
0.563697
0.562496
0.561295
0.560093
0.558891
0.557689
0.556487
0.555286
0.554086
0.552888
0.551691
0.550496
0.549303
0.548113
0.546926
0.545741
0.544561
0.543384
0.542211
0.541042
0.539878
0.538719
0.537564
0.536415
0.535272
0.534134
0.533003
0.531878
0.530759
0.529647
0.528541
0.527443
0.526352
0.525268
0.524192
0.523124
0.522063
0.521011
0.519967
0.518931
0.517903
0.516884
0.515873
0.514871
0.513877
0.512879
0.511861
0.510825
0.509769
0.508695
0.507602
0.506490
0.505360
0.504211
0.503043
0.501858
0.500654
0.499432
0.498192
0.496935
0.495660
0.494368
0.493060
0.491735
0.490394
0.489037
0.487664
0.486276
0.484874
0.483457
0.482025
0.480581
0.479123
0.477652
0.476169
0.474674
0.473168
0.471651
0.470124
0.468587
0.467040
0.465485
0.463922
0.462351
0.460773
0.459189
0.457599
0.456004
0.454404
0.452800
0.451192
0.449582
0.447970
0.446356
0.444742
0.443127
0.441513
0.439900
0.438288
0.436679
0.435073
0.433471
0.431873
0.430280
0.428692
0.427111
0.425537
0.423970
0.422412
0.420862
0.419322
0.417792
0.416273
0.414765
0.413268
0.411784
0.410314
0.408856
0.407413
0.405985
0.404571
0.403174
0.401792
0.400428
0.399081
0.397751
0.396439
0.395146
0.393873
0.392618
0.391383
0.390169
0.388975
0.387802
0.386651
0.385521
0.384412
0.383326
0.382263
0.381222
0.380204
0.379209
0.378237
0.377289
0.376364
0.375451
0.374539
0.373626
0.372713
0.371801
0.370889
0.369978
0.369068
0.368158
0.367249
0.366341
0.365434
0.364529
0.363625
0.362723
0.361823
0.360924
0.360028
0.359134
0.358243
0.357354
0.356469
0.355586
0.354707
0.353831
0.352959
0.352091
0.351226
0.350367
0.349511
0.348661
0.347815
0.346975
0.346140
0.345311
0.344488
0.343671
0.342860
0.342056
0.341258
0.340468
0.339685
0.338910
0.338142
0.337383
0.336632
0.335889
0.335155
0.334430
0.333715
0.333008
0.332312
0.331626
0.330950
0.330284
0.329629
0.328985
0.328352
0.327730
0.327121
0.326522
0.325936
0.325363
0.324801
0.324253
0.323717
0.323195
0.322685
0.322190
0.321708
0.321239
0.320785
0.320346
0.319920
0.319509
0.319113
0.318732
0.318366
0.317631
0.317258
0.316218
0.315305
0.315116
0.314721
0.313762
0.312375
0.310784
0.308988
0.306746
0.305077
0.303747
0.302536
0.301575
0.301364
0.301495
0.301837
0.302083
0.302014
0.301897
0.301555
0.301869
0.303015
0.304393
0.305665
0.307538
0.310174
0.311963
0.313676
0.314340
0.314336
0.314332
0.314326
0.314320
0.314314
0.314306
0.314297
0.314287
0.314277
0.314264
0.314251
0.314236
0.314219
0.314201
0.314181
0.314159
0.314135
0.314109
0.314081
0.314050
0.314016
0.313980
0.313941
0.313899
0.313853
0.313805
0.313752
0.313696
0.313637
0.313573
0.313505
0.313433
0.313357
0.313276
0.313190
0.313099
0.313003
0.312901
0.312794
0.312682
0.312564
0.312440
0.312310
0.312173
0.312030
0.311881
0.311725
0.311561
0.311391
0.311214
0.311030
0.310838
0.310638
0.310431
0.310216
0.309993
0.309762
0.309522
0.309275
0.309019
0.308754
0.308481
0.308199
0.307908
0.307609
0.307301
0.306983
0.306657
0.306321
0.305976
0.305622
0.305259
0.304886
0.304504
0.304113
0.303712
0.303302
0.302882
0.302454
0.302015
0.301568
0.301111
0.300645
0.300170
0.299685
0.299192
0.298689
0.298177
0.297657
0.297127
0.296589
0.296053
0.295532
0.295024
0.294531
0.294051
0.293586
0.293134
0.292697
0.292272
0.291862
0.291464
0.291080
0.290709
0.290351
0.290006
0.289673
0.289352
0.289044
0.288747
0.288461
0.288187
0.287923
0.287670
0.287428
0.287195
0.286972
0.286758
0.286553
0.286357
0.286169
0.285988
0.285815
0.285649
0.285490
0.285337
0.285189
0.285047
0.284910
0.284777
0.284648
0.284523
0.284401
0.284282
0.284166
0.284051
0.283937
0.283824
0.283712
0.283601
0.283488
0.283375
0.283261
0.283145
0.283027
0.282907
0.282783
0.282657
0.282526
0.282392
0.282253
0.282109
0.281960
0.281805
0.281644
0.281476
0.281302
0.281121
0.280932
0.280736
0.280532
0.280319
0.280098
0.279868
0.279628
0.279379
0.279121
0.278853
0.278574
0.278285
0.277986
0.277676
0.277355
0.277024
0.276681
0.276327
0.275961
0.275584
0.275195
0.274795
0.274383
0.273959
0.273524
0.273077
0.272618
0.272147
0.271665
0.271171
0.270665
0.270147
0.269619
0.269094
0.268588
0.268101
0.267634
0.267185
0.266755
0.266344
0.265951
0.265575
0.265218
0.264878
0.264556
0.264250
0.263961
0.263689
0.263432
0.263192
0.262966
0.262755
0.262559
0.262376
0.262208
0.262052
0.261910
0.261779
0.261660
0.261553
0.261456
0.261370
0.261294
0.261226
0.261168
0.261118
0.261075
0.261040
0.261011
0.260988
0.260971
0.260959
0.260951
0.260947
0.260946
0.260949
0.260953
0.260959
0.260966
0.260973
0.260980
0.260987
0.260993
0.260997
0.260999
0.260998
0.260994
0.260986
0.260974
0.260957
0.260935
0.260907
0.260873
0.260832
0.260784
0.260729
0.260666
0.260594
0.260513
0.260424
0.260324
0.260215
0.260095
0.259965
0.259823
0.259671
0.259506
0.259330
0.259142
0.258941
0.258727
0.258501
0.258261
0.258008
0.257742
0.257462
0.257168
0.256860
0.256538
0.256202
0.255852
0.255488
0.255109
0.254715
0.254308
0.253886
0.253449
0.252998
0.252533
0.252054
0.251560
0.251053
0.250531
0.250009
0.249499
0.249002
0.248517
0.248044
0.247584
0.247137
0.246701
0.246278
0.245867
0.245468
0.245082
0.244707
0.244344
0.243993
0.243653
0.243325
0.243008
0.242703
0.242408
0.242125
0.241853
0.241591
0.241340
0.241099
0.240869
0.240648
0.240438
0.240237
0.240046
0.239864
0.239691
0.239527
0.239372
0.239226
0.239088
0.238958
0.238836
0.238721
0.238615
0.238515
0.238423
0.238338
0.238259
0.238186
0.238120
0.238060
0.238006
0.237957
0.237914
0.237876
0.237842
0.237814
0.237790
0.237770
0.237754
0.237742
0.237733
0.237728
0.237727
0.237728
0.237732
0.237739
0.237748
0.237759
0.237772
0.237787
0.237804
0.237822
0.237842
0.237862
0.237884
0.237906
0.237929
0.237953
0.237976
0.238000
0.238024
0.238048
0.238072
0.238095
0.238118
0.238140
0.238162
0.238183
0.238203
0.238222
0.238240
0.238257
0.238272
0.238286
0.238299
0.238311
0.238321
0.238330
0.238337
0.238342
0.238346
0.238349
0.238349
0.238347
0.238338
0.238324
0.238305
0.238280
0.238249
0.238213
0.238172
0.238125
0.238072
0.238014
0.237950
0.237881
0.237807
0.237727
0.237642
0.237551
0.237455
0.237354
0.237248
0.237136
0.237019
0.236897
0.236770
0.236638
0.236501
0.236358
0.236211
0.236059
0.235902
0.235740
0.235573
0.235401
0.235225
0.235044
0.234858
0.234668
0.234474
0.234275
0.234071
0.233863
0.233651
0.233435
0.233214
0.232989
0.232761
0.232528
0.232291
0.232050
0.231806
0.231557
0.231305
0.231050
0.230790
0.230528
0.230261
0.229992
0.229718
0.229442
0.229162
0.228880
0.228594
0.228305
0.228013
0.227718
0.227420
0.227119
0.226816
0.226510
0.226201
0.225890
0.225576
0.225260
0.224941
0.224620
0.224297
0.223971
0.223643
0.223314
0.222982
0.222648
0.222312
0.221974
0.221634
0.221293
0.220949
0.220604
0.220257
0.219909
0.219559
0.219208
0.218855
0.218501
0.218145
0.217788
0.217429
0.217069
0.216708
0.216346
0.215983
0.215613
0.215232
0.214840
0.214437
0.214023
0.213598
0.213162
0.212716
0.212259
0.211792
0.211316
0.210829
0.210333
0.209828
0.209314
0.208790
0.208258
0.207718
0.207169
0.206613
0.206049
0.205477
0.204899
0.204313
0.203722
0.203123
0.202519
0.201909
0.201294
0.200674
0.200049
0.199420
0.198786
0.198149
0.197508
0.196864
0.196217
0.195567
0.194916
0.194262
0.193607
0.192950
0.192293
0.191635
0.190976
0.190318
0.189659
0.189002
0.188345
0.187689
0.187035
0.186383
0.185733
0.185085
0.184440
0.183798
0.183158
0.182523
0.181891
0.181263
0.180639
0.180019
0.179404
0.178795
0.178190
0.177590
0.176996
0.176408
0.175826
0.175250
0.174680
0.174116
0.173559
0.173009
0.172465
0.171929
0.171400
0.170878
0.170363
0.169856
0.169356
0.168864
0.168380
0.167903
0.167435
0.166974
0.166521
0.166075
0.165638
0.165209
0.164788
0.164374
0.163969
0.163571
0.163181
0.162799
0.162425
0.162059
0.161700
0.161349
0.160998
0.160638
0.160272
0.159897
0.159515
0.159125
0.158729
0.158325
0.157914
0.157496
0.157072
0.156641
0.156204
0.155760
0.155311
0.154856
0.154395
0.153928
0.153456
0.152980
0.152498
0.152011
0.151520
0.151024
0.150525
0.150021
0.149514
0.149003
0.148488
0.147971
0.147450
0.146927
0.146401
0.145873
0.145343
0.144810
0.144276
0.143741
0.143204
0.142666
0.142127
0.141587
0.141047
0.140507
0.139966
0.139425
0.138885
0.138345
0.137806
0.137267
0.136729
0.136193
0.135658
0.135124
0.134592
0.134061
0.133533
0.133007
0.132483
0.131961
0.131442
0.130926
0.130412
0.129902
0.129395
0.128890
0.128389
0.127892
0.127398
0.126908
0.126421
0.125938
0.125460
0.124985
0.124514
0.124048
0.123586
0.123128
0.122674
0.122225
0.121781
0.121341
0.120905
0.120474
0.120048
0.119627
0.119210
0.118798
0.118391
0.117988
0.117591
0.117198
0.116810
0.116427
0.116048
0.115675
0.115306
0.114942
0.114582
0.114228
0.113877
0.113529
0.113185
0.112843
0.112505
0.112169
0.111837
0.111508
0.111182
0.110858
0.110538
0.110220
0.109906
0.109594
0.109285
0.108979
0.108676
0.108375
0.108077
0.107782
0.107489
0.107199
0.106911
0.106626
0.106344
0.106064
0.105786
0.105510
0.105237
0.104966
0.104697
0.104430
0.104166
0.103903
0.103643
0.103385
0.103128
0.102873
0.102620
0.102369
0.102120
0.101872
0.101627
0.101382
0.101139
0.100898
0.100658
0.100420
0.100183
0.099948
0.099713
0.099480
0.099249
0.099018
0.098789
0.098560
0.098333
0.098107
0.097882
0.097658
0.097434
0.097212
0.096990
0.096770
0.096550
0.096331
0.096112
0.095895
0.095678
0.095461
0.095246
0.095031
0.094816
0.094602
0.094389
0.094176
0.093964
0.093752
0.093540
0.093329
0.093119
0.092908
0.092699
0.092489
0.092280
0.092071
0.091863
0.091655
0.091447
0.091240
0.091033
0.090826
0.090620
0.090414
0.090208
0.090003
0.089798
0.089593
0.089388
0.089184
0.088980
0.088776
0.088572
0.088368
0.088164
0.087961
0.087757
0.087553
0.087350
0.087146
0.086942
0.086739
0.086535
0.086332
0.086128
0.085925
0.085721
0.085518
0.085314
0.085110
0.084906
0.084702
0.084498
0.084293
0.084089
0.083884
0.083679
0.083474
0.083268
0.083062
0.082856
0.082650
0.082443
0.082235
0.082028
0.081820
0.081611
0.081402
0.081193
0.080983
0.080772
0.080561
0.080350
0.080138
0.079925
0.079711
0.079498
0.079283
0.079068
0.078852
0.078636
0.078419
0.078201
0.077982
0.077763
0.077544
0.077324
0.077103
0.076881
0.076659
0.076436
0.076213
0.075989
0.075765
0.075540
0.075314
0.075088
0.074862
0.074635
0.074408
0.074180
0.073952
0.073724
0.073496
0.073267
0.073038
0.072809
0.072580
0.072351
0.072122
0.071893
0.071664
0.071435
0.071206
0.070978
0.070750
0.070523
0.070295
0.070069
0.069842
0.069617
0.069392
0.069168
0.068945
0.068722
0.068501
0.068280
0.068061
0.067843
0.067625
0.067410
0.067198
0.066989
0.066783
0.066580
0.066380
0.066183
0.065989
0.065798
0.065610
0.065425
0.065242
0.065062
0.064886
0.064712
0.064540
0.064372
0.064206
0.064043
0.063883
0.063725
0.063570
0.063418
0.063268
0.063121
0.062976
0.062833
0.062693
0.062556
0.062421
0.062288
0.062158
0.062030
0.061904
0.061781
0.061660
0.061541
0.061424
0.061309
0.061197
0.061086
0.060978
0.060872
0.060768
0.060666
0.060565
0.060467
0.060371
0.060277
0.060185
0.060095
0.060006
0.059920
0.059835
0.059753
0.059672
0.059593
0.059516
0.059441
0.059367
0.059296
0.059226
0.059158
0.059092
0.059028
0.058965
0.058904
0.058846
0.058788
0.058733
0.058680
0.058628
0.058578
0.058530
0.058483
0.058439
0.058396
0.058355
0.058316
0.058279
0.058243
0.058209
0.058177
0.058147
0.058119
0.058093
0.058068
0.058045
0.058024
0.058005
0.057987
0.057972
0.057958
0.057946
0.057936
0.057928
0.057921
0.057917
0.057914
