0.047351
0.047352
0.047352
0.047352
0.047353
0.047354
0.047354
0.047355
0.047357
0.047358
0.047360
0.047361
0.047363
0.047365
0.047367
0.047370
0.047372
0.047375
0.047378
0.047381
0.047384
0.047387
0.047390
0.047394
0.047398
0.047402
0.047406
0.047410
0.047415
0.047419
0.047424
0.047429
0.047434
0.047440
0.047445
0.047451
0.047457
0.047463
0.047469
0.047475
0.047482
0.047488
0.047495
0.047502
0.047510
0.047517
0.047525
0.047532
0.047540
0.047548
0.047557
0.047565
0.047574
0.047583
0.047592
0.047601
0.047610
0.047620
0.047630
0.047639
0.047650
0.047660
0.047670
0.047681
0.047692
0.047703
0.047714
0.047726
0.047737
0.047749
0.047761
0.047773
0.047786
0.047798
0.047811
0.047824
0.047837
0.047850
0.047864
0.047878
0.047892
0.047906
0.047920
0.047935
0.047949
0.047964
0.047979
0.047994
0.048010
0.048025
0.048041
0.048057
0.048073
0.048090
0.048106
0.048123
0.048140
0.048157
0.048175
0.048192
0.048210
0.048228
0.048246
0.048264
0.048282
0.048300
0.048319
0.048337
0.048356
0.048375
0.048394
0.048413
0.048432
0.048451
0.048470
0.048489
0.048508
0.048528
0.048547
0.048567
0.048586
0.048606
0.048625
0.048645
0.048665
0.048684
0.048704
0.048724
0.048743
0.048763
0.048783
0.048803
0.048822
0.048842
0.048862
0.048882
0.048901
0.048921
0.048941
0.048960
0.048980
0.049000
0.049019
0.049039
0.049058
0.049078
0.049097
0.049117
0.049136
0.049155
0.049175
0.049194
0.049213
0.049232
0.049251
0.049270
0.049289
0.049308
0.049327
0.049346
0.049364
0.049383
0.049402
0.049420
0.049439
0.049457
0.049476
0.049494
0.049512
0.049531
0.049549
0.049567
0.049585
0.049603
0.049621
0.049639
0.049657
0.049675
0.049693
0.049711
0.049729
0.049746
0.049764
0.049782
0.049799
0.049817
0.049834
0.049852
0.049870
0.049887
0.049905
0.049922
0.049939
0.049957
0.049974
0.049992
0.050009
0.050026
0.050044
0.050061
0.050078
0.050096
0.050113
0.050130
0.050148
0.050166
0.050183
0.050201
0.050219
0.050237
0.050255
0.050273
0.050291
0.050310
0.050328
0.050347
0.050365
0.050384
0.050403
0.050422
0.050441
0.050460
0.050479
0.050499
0.050519
0.050538
0.050558
0.050578
0.050598
0.050619
0.050639
0.050660
0.050680
0.050701
0.050722
0.050744
0.050765
0.050786
0.050808
0.050830
0.050852
0.050874
0.050897
0.050919
0.050942
0.050965
0.050988
0.051012
0.051035
0.051059
0.051083
0.051107
0.051131
0.051156
0.051181
0.051206
0.051231
0.051256
0.051282
0.051308
0.051334
0.051360
0.051387
0.051413
0.051440
0.051467
0.051495
0.051522
0.051550
0.051578
0.051607
0.051635
0.051664
0.051693
0.051722
0.051751
0.051781
0.051811
0.051841
0.051871
0.051902
0.051933
0.051964
0.051995
0.052026
0.052058
0.052089
0.052121
0.052154
0.052186
0.052219
0.052252
0.052285
0.052318
0.052351
0.052385
0.052418
0.052452
0.052486
0.052520
0.052555
0.052589
0.052624
0.052659
0.052695
0.052731
0.052767
0.052803
0.052840
0.052876
0.052913
0.052951
0.052988
0.053026
0.053064
0.053102
0.053141
0.053179
0.053218
0.053257
0.053296
0.053336
0.053375
0.053415
0.053455
0.053495
0.053535
0.053575
0.053615
0.053655
0.053695
0.053735
0.053776
0.053816
0.053856
0.053896
0.053936
0.053977
0.054017
0.054056
0.054096
0.054136
0.054175
0.054215
0.054254
0.054293
0.054331
0.054369
0.054408
0.054445
0.054483
0.054520
0.054557
0.054593
0.054629
0.054664
0.054699
0.054734
0.054768
0.054801
0.054834
0.054867
0.054899
0.054930
0.054960
0.054990
0.055019
0.055048
0.055076
0.055102
0.055129
0.055154
0.055179
0.055202
0.055225
0.055247
0.055268
0.055288
0.055307
0.055325
0.055342
0.055358
0.055373
0.055387
0.055399
0.055411
0.055421
0.055431
0.055439
0.055446
0.055451
0.055456
0.055459
0.055461
0.055461
0.055461
0.055458
0.055455
0.055450
0.055444
0.055436
0.055431
0.055429
0.055433
0.055441
0.055454
0.055471
0.055493
0.055520
0.055552
0.055588
0.055629
0.055675
0.055726
0.055781
0.055841
0.055905
0.055975
0.056049
0.056127
0.056211
0.056299
0.056391
0.056489
0.056591
0.056697
0.056808
0.056924
0.057044
0.057169
0.057299
0.057433
0.057571
0.057714
0.057861
0.058013
0.058169
0.058330
0.058495
0.058664
0.058838
0.059016
0.059198
0.059384
0.059575
0.059769
0.059968
0.060171
0.060378
0.060589
0.060804
0.061023
0.061245
0.061472
0.061703
0.061937
0.062175
0.062417
0.062663
0.062912
0.063165
0.063421
0.063681
0.063944
0.064211
0.064482
0.064756
0.065033
0.065313
0.065597
0.065884
0.066174
0.066467
0.066764
0.067063
0.067366
0.067671
0.067980
0.068291
0.068606
0.068923
0.069243
0.069566
0.069891
0.070220
0.070551
0.070884
0.071220
0.071559
0.071901
0.072245
0.072591
0.072940
0.073291
0.073645
0.074001
0.074360
0.074721
0.075084
0.075449
0.075817
0.076188
0.076565
0.076946
0.077332
0.077724
0.078120
0.078521
0.078927
0.079339
0.079755
0.080176
0.080602
0.081033
0.081469
0.081909
0.082355
0.082806
0.083261
0.083721
0.084186
0.084656
0.085130
0.085609
0.086093
0.086581
0.087074
0.087571
0.088073
0.088580
0.089090
0.089606
0.090125
0.090649
0.091177
0.091709
0.092246
0.092786
0.093330
0.093879
0.094431
0.094987
0.095547
0.096111
0.096678
0.097249
0.097823
0.098401
0.098982
0.099567
0.100155
0.100746
0.101340
0.101937
0.102537
0.103140
0.103746
0.104355
0.104966
0.105580
0.106197
0.106816
0.107437
0.108061
0.108686
0.109314
0.109945
0.110577
0.111211
0.111847
0.112485
0.113124
0.113765
0.114408
0.115052
0.115698
0.116345
0.116994
0.117643
0.118294
0.118946
0.119599
0.120253
0.120908
0.121564
0.122220
0.122878
0.123536
0.124195
0.124854
0.125514
0.126174
0.126835
0.127496
0.128157
0.128819
0.129481
0.130143
0.130806
0.131468
0.132131
0.132794
0.133460
0.134127
0.134795
0.135466
0.136138
0.136812
0.137487
0.138164
0.138842
0.139522
0.140204
0.140887
0.141572
0.142258
0.142946
0.143635
0.144326
0.145018
0.145711
0.146406
0.147103
0.147800
0.148499
0.149200
0.149902
0.150605
0.151309
0.152015
0.152722
0.153430
0.154140
0.154850
0.155562
0.156276
0.156990
0.157706
0.158423
0.159141
0.159860
0.160580
0.161302
0.162024
0.162748
0.163473
0.164199
0.164926
0.165654
0.166384
0.167114
0.167845
0.168578
0.169311
0.170046
0.170781
0.171518
0.172255
0.172993
0.173733
0.174473
0.175215
0.175957
0.176700
0.177444
0.178189
0.178935
0.179682
0.180430
0.181178
0.181928
0.182678
0.183429
0.184181
0.184934
0.185687
0.186442
0.187197
0.187952
0.188709
0.189466
0.190224
0.190983
0.191742
0.192502
0.193263
0.194025
0.194787
0.195549
0.196312
0.197076
0.197840
0.198605
0.199371
0.200137
0.200903
0.201670
0.202437
0.203205
0.203973
0.204742
0.205509
0.206272
0.207032
0.207789
0.208542
0.209291
0.210037
0.210779
0.211517
0.212252
0.212983
0.213710
0.214434
0.215154
0.215870
0.216583
0.217292
0.217997
0.218699
0.219398
0.220092
0.220784
0.221472
0.222156
0.222837
0.223515
0.224190
0.224861
0.225529
0.226194
0.226856
0.227515
0.228171
0.228824
0.229474
0.230122
0.230767
0.231410
0.232050
0.232687
0.233323
0.233956
0.234587
0.235216
0.235843
0.236468
0.237091
0.237713
0.238333
0.238952
0.239569
0.240185
0.240800
0.241413
0.242026
0.242637
0.243248
0.243859
0.244468
0.245077
0.245686
0.246294
0.246903
0.247511
0.248119
0.248727
0.249335
0.249944
0.250552
0.251162
0.251772
0.252382
0.252993
0.253605
0.254218
0.254831
0.255446
0.256062
0.256679
0.257297
0.257916
0.258537
0.259159
0.259599
0.259337
0.259076
0.258827
0.258428
0.257925
0.257460
0.257145
0.256952
0.256883
0.256804
0.256845
0.256895
0.256904
0.256810
0.256834
0.256925
0.256893
0.256710
0.256439
0.256224
0.255968
0.255805
0.255643
0.255413
0.255027
0.254542
0.254105
0.253841
0.253539
0.253217
0.252842
0.252530
0.252175
0.251936
0.251558
0.251257
0.251116
0.250877
0.250660
0.250420
0.250071
0.249825
0.249589
0.249265
0.248985
0.248770
0.248659
0.248350
0.248022
0.247585
0.247264
0.246894
0.246600
0.246467
0.246569
0.246582
0.246500
0.246315
0.246235
0.246140
0.245923
0.245653
0.245383
0.245096
0.244792
0.244487
0.244009
0.243351
0.242693
0.242221
0.241676
0.241166
0.240759
0.240594
0.240318
0.239901
0.239637
0.239273
0.238865
0.238495
0.238070
0.237565
0.236902
0.236180
0.235632
0.235050
0.234311
0.233714
0.233245
0.232941
0.232606
0.232410
0.232292
0.232144
0.231838
0.231449
0.230965
0.230393
0.229699
0.229048
0.228449
0.227919
0.227456
0.227090
0.226852
0.226498
0.226182
0.225781
0.225497
0.225321
0.225040
0.224918
0.224956
0.225261
0.225494
0.225787
0.226049
0.226302
0.226413
0.226701
0.227126
0.227662
0.227965
0.228260
0.228571
0.228967
0.229221
0.229526
0.229945
0.230418
0.230927
0.231439
0.232037
0.232543
0.232866
0.233071
0.233396
0.233730
0.234225
0.234824
0.235429
0.235943
0.236482
0.237063
0.237631
0.238299
0.239211
0.240117
0.241040
0.241913
0.242843
0.243735
0.244560
0.245422
0.246475
0.247701
0.248962
0.250360
0.251776
0.252927
0.254091
0.255213
0.256246
0.257007
0.257584
0.258074
0.258556
0.258993
0.259530
0.260171
0.260996
0.261889
0.262740
0.263688
0.264497
0.265089
0.265616
0.266205
0.266947
0.267715
0.268544
0.269348
0.270098
0.270752
0.271370
0.271982
0.272602
0.273248
0.273909
0.274577
0.275195
0.275699
0.276189
0.276625
0.276995
0.277249
0.277223
0.277265
0.277235
0.277175
0.277211
0.277195
0.277118
0.277088
0.277149
0.277379
0.277607
0.277895
0.278144
0.278352
0.278710
0.279029
0.279104
0.279189
0.279255
0.279181
0.278892
0.278512
0.278139
0.277945
0.277800
0.277622
0.277515
0.277635
0.277906
0.277935
0.277952
0.277836
0.277767
0.277574
0.277486
0.277532
0.277686
0.277766
0.277805
0.277768
0.277771
0.277785
0.277918
0.278065
0.278416
0.278728
0.278866
0.279025
0.279268
0.279464
0.279638
0.280049
0.280558
0.281163
0.281617
0.282018
0.282515
0.283136
0.283685
0.284182
0.284787
0.285547
0.286270
0.286769
0.287243
0.287964
0.288640
0.289085
0.289405
0.289697
0.290120
0.290792
0.291618
0.292529
0.293491
0.294489
0.295190
0.295734
0.296386
0.297278
0.298024
0.298705
0.299348
0.299920
0.300431
0.300873
0.301231
0.301591
0.301928
0.302280
0.302595
0.302762
0.303012
0.303170
0.303174
0.302974
0.302749
0.302595
0.302605
0.302597
0.302577
0.302457
0.302537
0.302652
0.302607
0.302413
0.302421
0.302555
0.302431
0.302006
0.301961
0.301784
0.301619
0.301529
0.301540
0.301367
0.301068
0.300570
0.300120
0.299470
0.298885
0.298413
0.297998
0.297714
0.297487
0.297184
0.296786
0.296374
0.296164
0.295897
0.295401
0.294616
0.293760
0.292710
0.291654
0.290817
0.290065
0.289436
0.288820
0.288292
0.287630
0.287010
0.286531
0.286185
0.285818
0.285436
0.285223
0.284849
0.284332
0.283826
0.283432
0.283056
0.282456
0.281503
0.280961
0.280569
0.280127
0.279695
0.279309
0.279034
0.278727
0.278135
0.277414
0.276798
0.276155
0.275724
0.275830
0.276225
0.276456
0.276572
0.276702
0.276971
0.276987
0.276860
0.276573
0.276264
0.275710
0.275108
0.274203
0.273450
0.272841
0.272519
0.272394
0.272296
0.272150
0.271978
0.272215
0.272041
0.271720
0.271220
0.270610
0.270180
0.269621
0.269258
0.269043
0.269368
0.269834
0.270068
0.270059
0.270071
0.270221
0.270401
0.270420
0.270469
0.270501
0.270547
0.270716
0.270825
0.271215
0.271779
0.272235
0.272659
0.272857
0.273117
0.273579
0.274070
0.274429
0.275068
0.275650
0.275894
0.276125
0.276550
0.276775
0.276858
0.276858
0.277085
0.277306
0.277310
0.277266
0.277266
0.277271
0.277438
0.277404
0.277243
0.276527
0.275549
0.274671
0.273993
0.273449
0.273051
0.272694
0.271919
0.271377
0.270964
0.270766
0.270462
0.269879
0.269495
0.269115
0.268356
0.267519
0.266945
0.266447
0.265861
0.264949
0.264440
0.263827
0.262946
0.262481
0.261857
0.260826
0.259738
0.258774
0.257839
0.256871
0.256094
0.255184
0.254513
0.254013
0.252914
0.251666
0.250896
0.250203
0.248844
0.247283
0.245757
0.244437
0.242889
0.241260
0.240025
0.238678
0.236852
0.235208
0.233741
0.232326
0.230595
0.228873
0.227106
0.225546
0.223770
0.222179
0.220611
0.219333
0.218206
0.216984
0.215788
0.214682
0.213307
0.211596
0.209613
0.207799
0.205869
0.203623
0.201207
0.199305
0.197506
0.195723
0.194163
0.193067
0.191958
0.189960
0.187764
0.186011
0.184017
0.181993
0.179698
0.177462
0.175071
0.173148
0.171551
0.170557
0.169509
0.168128
0.166443
0.164570
0.162315
0.160074
0.158209
0.156580
0.154285
0.152023
0.149508
0.146440
0.143614
0.141015
0.138473
0.135771
0.132821
0.130156
0.127338
0.124338
0.121664
0.119346
0.116303
0.113089
0.109955
0.106829
0.103791
0.100757
0.098075
0.095775
0.092981
0.090326
0.087791
0.084686
0.081616
0.078462
0.075131
0.072175
0.069637
0.067060
0.064226
0.061009
0.058018
0.054678
0.051614
0.049101
0.046768
0.044449
0.042068
0.039638
0.037114
0.034283
0.031578
0.029195
0.027104
0.025011
0.022575
0.020346
0.018781
0.017374
0.016498
0.016153
0.016083
0.015483
0.014247
0.012404
0.010278
0.008761
0.007200
0.005832
0.004436
0.003231
0.002245
0.001533
0.000791
0.000209
0.000017
-0.000112
-0.000531
-0.000923
-0.001461
-0.001872
-0.001980
-0.001718
-0.001181
-0.000422
0.000066
0.000485
0.000502
0.000460
0.000819
0.001135
0.001538
0.001561
0.001250
0.000888
0.000311
0.000091
0.000032
-0.000082
0.000038
0.000177
0.000350
0.000633
0.000987
0.001835
0.002497
0.003304
0.004446
0.005120
0.005418
0.006437
0.007846
0.009571
0.011596
0.013819
0.015955
0.017854
0.019574
0.021512
0.023548
0.025510
0.027696
0.030097
0.032535
0.034117
0.035231
0.036334
0.037440
0.038675
0.039971
0.041358
0.042186
0.043073
0.044347
0.045662
0.046616
0.047278
0.047884
0.048524
0.049485
0.050427
0.050969
0.051538
0.052061
0.052375
0.052473
0.052984
0.053723
0.054977
0.055835
0.056517
0.057143
0.057584
0.058334
0.059116
0.059837
0.060709
0.061835
0.063157
0.064646
0.066060
0.067449
0.068992
0.070476
0.071552
0.072741
0.074308
0.076176
0.078064
0.080295
0.082982
0.085659
0.088171
0.090421
0.093337
0.096134
0.099366
0.103062
0.106762
0.109838
0.112887
0.115465
0.117600
0.119204
0.121627
0.124259
0.126918
0.129317
0.131928
0.134636
0.137766
0.140843
0.144146
0.147181
0.150110
0.152556
0.154761
0.156761
0.158595
0.160172
0.162039
0.164079
0.165939
0.167915
0.170094
0.172225
0.173924
0.175710
0.177351
0.179460
0.181576
0.184133
0.186352
0.188501
0.190406
0.192528
0.194625
0.196281
0.197679
0.198895
0.200529
0.202225
0.204038
0.205440
0.206634
0.207704
0.208903
0.209447
0.210289
0.211431
0.212649
0.213638
0.214725
0.215971
0.217326
0.218593
0.219773
0.221245
0.222946
0.224429
0.225563
0.226549
0.228206
0.230613
0.232685
0.234230
0.235880
0.237072
0.238583
0.239870
0.241086
0.242302
0.243409
0.244469
0.244872
0.244967
0.245084
0.245109
0.244915
0.244613
0.244718
0.244462
0.243705
0.242912
0.242459
0.242029
0.241683
0.241239
0.241053
0.240961
0.240708
0.240659
0.240536
0.240182
0.239958
0.239751
0.239807
0.239674
0.239414
0.239087
0.238876
0.238766
0.238463
0.238353
0.237879
0.237486
0.237494
0.237891
0.238226
0.238357
0.238701
0.238983
0.239570
0.240134
0.240412
0.240768
0.241113
0.241249
0.240813
0.240273
0.239655
0.239305
0.238923
0.238590
0.238570
0.238528
0.238338
0.237948
0.237401
0.236831
0.236339
0.236050
0.235452
0.234860
0.234263
0.233646
0.232700
0.231845
0.231047
0.230038
0.228919
0.227797
0.226995
0.225885
0.224537
0.223295
0.222318
0.221248
0.220627
0.220141
0.219551
0.218803
0.217791
0.216726
0.215797
0.215403
0.215219
0.214805
0.214416
0.214330
0.214578
0.214933
0.215622
0.216303
0.217324
0.218539
0.219543
0.220457
0.221731
0.223337
0.225041
0.226628
0.228212
0.229069
0.229673
0.230382
0.231266
0.231761
0.232054
0.232520
0.232896
0.233306
0.233588
0.233813
0.234131
0.234619
0.235524
0.236736
0.237597
0.238388
0.238904
0.239320
0.239733
0.240150
0.240707
0.241746
0.243433
0.245133
0.246335
0.247242
0.248352
0.249663
0.250854
0.251870
0.252916
0.254187
0.254951
0.255465
0.256105
0.256512
0.257254
0.258188
0.259398
0.260529
0.261669
0.262693
0.264160
0.265527
0.266972
0.268618
0.270365
0.271781
0.273018
0.274179
0.275598
0.277030
0.278510
0.279798
0.280940
0.282358
0.283796
0.284802
0.285557
0.286496
0.287623
0.289302
0.290862
0.292574
0.294088
0.295146
0.296151
0.297267
0.298326
0.299307
0.300462
0.301697
0.302694
0.303429
0.304072
0.304492
0.304594
0.304392
0.304464
0.304983
0.305841
0.306604
0.307688
0.308897
0.309553
0.310111
0.310955
0.312010
0.312771
0.313529
0.314894
0.316155
0.317175
0.318116
0.319462
0.321038
0.322795
0.324330
0.326204
0.327852
0.329037
0.330037
0.330870
0.331790
0.332868
0.334058
0.335433
0.336704
0.337723
0.338769
0.339750
0.340833
0.341835
0.342695
0.343302
0.344200
0.344755
0.345226
0.345896
0.346884
0.347568
0.347928
0.348235
0.348709
0.349110
0.349251
0.349201
0.349063
0.349009
0.348920
0.349260
0.349707
0.349982
0.349970
0.350063
0.350410
0.350699
0.350912
0.351365
0.351825
0.352031
0.352375
0.352604
0.352677
0.352953
0.353384
0.353952
0.354771
0.355773
0.356660
0.357518
0.358623
0.359834
0.360810
0.361769
0.362433
0.363066
0.363646
0.364314
0.365068
0.365876
0.367082
0.368261
0.369577
0.370490
0.371461
0.372083
0.372595
0.373068
0.373940
0.374788
0.375660
0.376694
0.377664
0.378577
0.379326
0.379931
0.380100
0.380361
0.380418
0.380568
0.380875
0.381047
0.380862
0.380457
0.379906
0.379565
0.379303
0.378972
0.378360
0.377726
0.376948
0.376081
0.375210
0.374571
0.373899
0.373230
0.372500
0.371749
0.370847
0.369745
0.368811
0.367858
0.367019
0.366320
0.365465
0.364341
0.363330
0.362713
0.362001
0.361234
0.360517
0.359710
0.358927
0.358256
0.357615
0.357126
0.356725
0.356269
0.355583
0.354853
0.353869
0.352822
0.351596
0.350373
0.348975
0.347301
0.345702
0.344265
0.342677
0.341297
0.340193
0.339178
0.337902
0.336468
0.335023
0.333571
0.331976
0.330216
0.328609
0.327119
0.325700
0.324175
0.322777
0.321302
0.319856
0.318342
0.316950
0.315612
0.314421
0.313006
0.311508
0.310004
0.308647
0.307090
0.305354
0.303774
0.302419
0.301164
0.299889
0.298594
0.297215
0.295774
0.294306
0.292762
0.291312
0.289899
0.288459
0.287039
0.285629
0.284207
0.282769
0.281319
0.279875
0.278395
0.276981
0.275624
0.274357
0.273151
0.272001
0.270843
0.269642
0.268520
0.267528
0.266537
0.265657
0.264772
0.263803
0.262864
0.261903
0.260874
0.259826
0.258823
0.257854
0.256856
0.255812
0.254775
0.253764
0.252785
0.251855
0.250963
0.250093
0.249267
0.248435
0.247619
0.246811
0.246010
0.245229
0.244483
0.243748
0.243007
0.242251
0.241488
0.240726
0.239989
0.239263
0.238558
0.237895
0.237255
0.236639
0.236036
0.235453
0.234893
0.234379
0.233890
0.233428
0.232992
0.232591
0.232188
0.231803
0.231451
0.231158
0.230901
0.230659
0.230440
0.230257
0.230083
0.229938
0.229833
0.229766
0.229710
0.229687
0.229680
