-0.020901
-0.020901
-0.020903
-0.020905
-0.020908
-0.020912
-0.020917
-0.020923
-0.020929
-0.020937
-0.020945
-0.020953
-0.020963
-0.020973
-0.020984
-0.020995
-0.021008
-0.021020
-0.021034
-0.021048
-0.021063
-0.021079
-0.021096
-0.021114
-0.021133
-0.021153
-0.021174
-0.021196
-0.021220
-0.021244
-0.021268
-0.021293
-0.021316
-0.021339
-0.021361
-0.021383
-0.021405
-0.021428
-0.021452
-0.021476
-0.021499
-0.021524
-0.021549
-0.021577
-0.021609
-0.021644
-0.021681
-0.021720
-0.021761
-0.021802
-0.021843
-0.021884
-0.021925
-0.021966
-0.022006
-0.022047
-0.022087
-0.022126
-0.022164
-0.022200
-0.022237
-0.022273
-0.022312
-0.022353
-0.022394
-0.022432
-0.022467
-0.022499
-0.022525
-0.022547
-0.022573
-0.022608
-0.022649
-0.022693
-0.022737
-0.022778
-0.022820
-0.022869
-0.022926
-0.022987
-0.023050
-0.023113
-0.023175
-0.023237
-0.023300
-0.023365
-0.023433
-0.023504
-0.023578
-0.023644
-0.023703
-0.023759
-0.023819
-0.023890
-0.023975
-0.024057
-0.024128
-0.024193
-0.024256
-0.024321
-0.024393
-0.024480
-0.024586
-0.024709
-0.024841
-0.024976
-0.025107
-0.025232
-0.025357
-0.025482
-0.025610
-0.025742
-0.025880
-0.026023
-0.026156
-0.026282
-0.026410
-0.026557
-0.026732
-0.026944
-0.027161
-0.027370
-0.027567
-0.027751
-0.027922
-0.028079
-0.028239
-0.028418
-0.028610
-0.028802
-0.028982
-0.029140
-0.029284
-0.029444
-0.029616
-0.029792
-0.029961
-0.030114
-0.030247
-0.030369
-0.030479
-0.030574
-0.030652
-0.030710
-0.030751
-0.030792
-0.030844
-0.030913
-0.031005
-0.031122
-0.031268
-0.031414
-0.031528
-0.031618
-0.031690
-0.031756
-0.031823
-0.031899
-0.031984
-0.032078
-0.032181
-0.032288
-0.032398
-0.032514
-0.032672
-0.032867
-0.033086
-0.033309
-0.033515
-0.033693
-0.033876
-0.034078
-0.034295
-0.034521
-0.034753
-0.034986
-0.035221
-0.035463
-0.035719
-0.036003
-0.036324
-0.036690
-0.037089
-0.037482
-0.037865
-0.038238
-0.038600
-0.038954
-0.039300
-0.039652
-0.040009
-0.040369
-0.040727
-0.041082
-0.041428
-0.041771
-0.042108
-0.042432
-0.042734
-0.043006
-0.043241
-0.043470
-0.043722
-0.043993
-0.044276
-0.044563
-0.044850
-0.045120
-0.045344
-0.045541
-0.045743
-0.045984
-0.046295
-0.046672
-0.046992
-0.047247
-0.047468
-0.047690
-0.047948
-0.048263
-0.048581
-0.048875
-0.049143
-0.049384
-0.049596
-0.049777
-0.049911
-0.049982
-0.050003
-0.049987
-0.049954
-0.049921
-0.049911
-0.049952
-0.050040
-0.050161
-0.050295
-0.050425
-0.050556
-0.050775
-0.051071
-0.051395
-0.051684
-0.051886
-0.051968
-0.051996
-0.052013
-0.052039
-0.052098
-0.052212
-0.052399
-0.052580
-0.052680
-0.052730
-0.052771
-0.052847
-0.052990
-0.053170
-0.053279
-0.053318
-0.053300
-0.053244
-0.053169
-0.053092
-0.053052
-0.053056
-0.053104
-0.053189
-0.053306
-0.053448
-0.053634
-0.053858
-0.054097
-0.054320
-0.054501
-0.054619
-0.054663
-0.054636
-0.054566
-0.054490
-0.054447
-0.054472
-0.054547
-0.054590
-0.054617
-0.054653
-0.054730
-0.054871
-0.055093
-0.055408
-0.055793
-0.056197
-0.056562
-0.056835
-0.056990
-0.057193
-0.057501
-0.057869
-0.058240
-0.058556
-0.058774
-0.058936
-0.059109
-0.059308
-0.059553
-0.059862
-0.060247
-0.060665
-0.061008
-0.061281
-0.061508
-0.061720
-0.061942
-0.062198
-0.062529
-0.062922
-0.063343
-0.063754
-0.064112
-0.064391
-0.064627
-0.064829
-0.064984
-0.065076
-0.065095
-0.065031
-0.064893
-0.064696
-0.064463
-0.064219
-0.063997
-0.063818
-0.063635
-0.063311
-0.062881
-0.062414
-0.061985
-0.061660
-0.061453
-0.061205
-0.060900
-0.060562
-0.060220
-0.059900
-0.059633
-0.059592
-0.059805
-0.060174
-0.060567
-0.060855
-0.060939
-0.060939
-0.060998
-0.061074
-0.061112
-0.061055
-0.060864
-0.060497
-0.059908
-0.059188
-0.058474
-0.057915
-0.057638
-0.057641
-0.057497
-0.057179
-0.056781
-0.056415
-0.056185
-0.056159
-0.056259
-0.056435
-0.056665
-0.056916
-0.057155
-0.057358
-0.057609
-0.057988
-0.058458
-0.058967
-0.059461
-0.059890
-0.060286
-0.060774
-0.061321
-0.061873
-0.062369
-0.062757
-0.063048
-0.063472
-0.064044
-0.064715
-0.065423
-0.066108
-0.066723
-0.067347
-0.067989
-0.068608
-0.069156
-0.069590
-0.069879
-0.070168
-0.070606
-0.071183
-0.071879
-0.072669
-0.073521
-0.074379
-0.075161
-0.075853
-0.076459
-0.076995
-0.077475
-0.077933
-0.078519
-0.079225
-0.079996
-0.080763
-0.081463
-0.082054
-0.082601
-0.083135
-0.083647
-0.084134
-0.084591
-0.085014
-0.085270
-0.085246
-0.085004
-0.084633
-0.084232
-0.083890
-0.083613
-0.083305
-0.082991
-0.082703
-0.082466
-0.082302
-0.082163
-0.081707
-0.080934
-0.079950
-0.078888
-0.077874
-0.076994
-0.076040
-0.074960
-0.073824
-0.072718
-0.071720
-0.070887
-0.070235
-0.069724
-0.069260
-0.068707
-0.067932
-0.066833
-0.065578
-0.064654
-0.064003
-0.063478
-0.062909
-0.062147
-0.061135
-0.060021
-0.058829
-0.057557
-0.056203
-0.054773
-0.053276
-0.051552
-0.049615
-0.047620
-0.045754
-0.044198
-0.043081
-0.042031
-0.040669
-0.039111
-0.037522
-0.036072
-0.034894
-0.033948
-0.032982
-0.031980
-0.030941
-0.029866
-0.028759
-0.027696
-0.027101
-0.026965
-0.027136
-0.027421
-0.027632
-0.027644
-0.027768
-0.028078
-0.028443
-0.028715
-0.028754
-0.028462
-0.028054
-0.027768
-0.027562
-0.027376
-0.027138
-0.026786
-0.026270
-0.025564
-0.024665
-0.023586
-0.022350
-0.020985
-0.019468
-0.017558
-0.015300
-0.012843
-0.010369
-0.008054
-0.006015
-0.004044
-0.002085
-0.000214
0.001491
0.002956
0.004131
0.005237
0.006517
0.007978
0.009623
0.011448
0.013430
0.015438
0.017215
0.018756
0.020112
0.021354
0.022546
0.023665
0.024370
0.024682
0.024760
0.024795
0.024969
0.025404
0.025941
0.026512
0.027126
0.027781
0.028473
0.029197
0.030039
0.031036
0.032042
0.032859
0.033288
0.033189
0.032810
0.032850
0.033264
0.033887
0.034524
0.035002
0.035243
0.035362
0.035391
0.035344
0.035240
0.035101
0.034939
0.034464
0.033655
0.032709
0.031875
0.031389
0.031426
0.031557
0.031332
0.030872
0.030346
0.029927
0.029747
0.029840
0.030118
0.030482
0.030792
0.030897
0.030673
0.030201
0.030329
0.031092
0.032269
0.033587
0.034782
0.035652
0.036150
0.036303
0.036206
0.036008
0.035862
0.035885
0.035638
0.034725
0.033388
0.031970
0.030828
0.030247
0.030206
0.030312
0.030511
0.030742
0.030936
0.031034
0.031044
0.031186
0.031403
0.031527
0.031364
0.030755
0.029637
0.028222
0.026707
0.025270
0.024108
0.023400
0.023271
0.023249
0.022867
0.022270
0.021660
0.021251
0.021214
0.021534
0.021971
0.022500
0.023094
0.023722
0.024354
0.025002
0.025862
0.026945
0.028212
0.029614
0.031088
0.032566
0.033960
0.035196
0.036220
0.036988
0.037471
0.037650
0.037872
0.038480
0.039453
0.040749
0.042312
0.044076
0.045980
0.047977
0.049975
0.051879
0.053601
0.055074
0.056333
0.057803
0.059513
0.061378
0.063299
0.065181
0.066971
0.068977
0.071261
0.073680
0.076058
0.078225
0.080056
0.081895
0.084071
0.086414
0.088691
0.090667
0.092171
0.093334
0.094647
0.096134
0.097768
0.099507
0.101313
0.103119
0.104672
0.105985
0.107158
0.108312
0.109563
0.110968
0.112035
0.112659
0.113065
0.113532
0.114331
0.115659
0.117162
0.118433
0.119519
0.120484
0.121398
0.122312
0.123301
0.124460
0.125705
0.126902
0.127901
0.128581
0.128934
0.129258
0.129600
0.129937
0.130240
0.130490
0.130697
0.130992
0.131457
0.132129
0.133037
0.134203
0.135641
0.136658
0.136660
0.135937
0.134900
0.133990
0.133574
0.133612
0.133565
0.133506
0.133548
0.133799
0.134345
0.135254
0.136631
0.138357
0.140181
0.141808
0.142972
0.143526
0.143850
0.144135
0.144412
0.144711
0.145060
0.145477
0.146094
0.147016
0.148196
0.149564
0.151038
0.152536
0.154089
0.155862
0.157736
0.159542
0.161106
0.162278
0.163099
0.164289
0.165841
0.167523
0.169064
0.170208
0.170795
0.171114
0.171277
0.171248
0.170993
0.170482
0.169701
0.168592
0.167157
0.165529
0.163895
0.162446
0.161333
0.160516
0.159730
0.158959
0.158204
0.157463
0.156738
0.155994
0.155024
0.153870
0.152669
0.151583
0.150759
0.150268
0.149531
0.148404
0.147113
0.145944
0.145175
0.145007
0.145130
0.145164
0.145116
0.144995
0.144812
0.144579
0.144473
0.144868
0.145609
0.146429
0.147025
0.147143
0.146776
0.146709
0.146963
0.147323
0.147536
0.147373
0.146718
0.146214
0.146062
0.146087
0.146063
0.145771
0.145054
0.143997
0.142784
0.141519
0.140346
0.139412
0.138829
0.138262
0.136853
0.134851
0.132716
0.130956
0.130003
0.129974
0.130136
0.130377
0.130728
0.131226
0.131896
0.132743
0.133708
0.134733
0.135768
0.136756
0.137650
0.138415
0.138857
0.138860
0.138608
0.138363
0.138401
0.138948
0.139931
0.140914
0.141963
0.143198
0.144735
0.146668
0.149001
0.151489
0.154040
0.156579
0.159023
0.161299
0.163382
0.165753
0.168513
0.171444
0.174269
0.176715
0.178584
0.180696
0.183811
0.187557
0.191418
0.194854
0.197432
0.199214
0.200846
0.202351
0.203731
0.204995
0.206152
0.207054
0.206828
0.205593
0.203831
0.202117
0.200981
0.200729
0.200383
0.199602
0.198591
0.197600
0.196865
0.196558
0.196657
0.197046
0.197631
0.198281
0.198855
0.199240
0.199501
0.199920
0.200440
0.200957
0.201364
0.201575
0.201650
0.202219
0.203327
0.204856
0.206653
0.208559
0.210454
0.212569
0.214912
0.217302
0.219542
0.221450
0.222901
0.223986
0.224889
0.225740
0.226715
0.227990
0.229684
0.231621
0.233278
0.234656
0.235823
0.236872
0.237884
0.238967
0.240455
0.242227
0.243968
0.245313
0.245949
0.245739
0.245461
0.245453
0.245673
0.246038
0.246456
0.246855
0.246460
0.244660
0.241851
0.238587
0.235461
0.232967
0.230923
0.228337
0.225435
0.222590
0.220187
0.218546
0.217814
0.217781
0.218249
0.218930
0.219478
0.219583
0.219083
0.218712
0.218728
0.218982
0.219279
0.219432
0.219301
0.218570
0.217055
0.214997
0.212735
0.210619
0.208931
0.207619
0.206232
0.204773
0.203276
0.201770
0.200285
0.198931
0.198198
0.198018
0.198111
0.198142
0.197806
0.196930
0.195838
0.194729
0.193695
0.192847
0.192289
0.192094
0.192010
0.191783
0.191480
0.191193
0.191016
0.191022
0.191383
0.192392
0.193847
0.195423
0.196759
0.197552
0.197730
0.197872
0.198080
0.198350
0.198676
0.199047
0.199421
0.199278
0.198514
0.197373
0.196177
0.195240
0.194790
0.194973
0.195800
0.197110
0.198678
0.200264
0.201659
0.203035
0.205013
0.207359
0.209702
0.211643
0.212850
0.213250
0.213540
0.213782
0.213884
0.213743
0.213272
0.212415
0.211142
0.209495
0.207572
0.205496
0.203383
0.201317
0.198912
0.195832
0.192313
0.188684
0.185296
0.182444
0.180120
0.177951
0.175999
0.174348
0.173070
0.172214
0.171796
0.171770
0.171996
0.172255
0.172293
0.171888
0.170936
0.170009
0.169313
0.168739
0.168141
0.167373
0.166329
0.164903
0.163103
0.161130
0.159257
0.157765
0.156863
0.156266
0.155105
0.153512
0.151766
0.150177
0.149007
0.148373
0.148133
0.148193
0.148449
0.148767
0.149014
0.149077
0.149069
0.148963
0.148615
0.147876
0.146617
0.144748
0.142934
0.141816
0.141246
0.141012
0.140873
0.140602
0.140223
0.140064
0.139895
0.139411
0.138311
0.136357
0.133537
0.130526
0.127479
0.124458
0.121531
0.118757
0.116143
0.113150
0.109665
0.105932
0.102265
0.098970
0.096263
0.093416
0.089679
0.085211
0.080237
0.075008
0.069755
0.064573
0.059388
0.054295
0.049378
0.044708
0.040338
0.036321
0.032734
0.029509
0.026480
0.023449
0.020245
0.016811
0.014110
0.012400
0.011342
0.010499
0.009444
0.007870
0.005893
0.003748
0.001459
-0.000939
-0.003408
-0.005910
-0.008702
-0.012377
-0.016661
-0.021101
-0.025205
-0.028560
-0.031111
-0.033867
-0.036916
-0.040104
-0.043248
-0.046179
-0.048782
-0.051013
-0.052915
-0.054595
-0.056198
-0.057867
-0.059702
-0.061291
-0.062236
-0.062672
-0.062792
-0.062809
-0.062910
-0.063243
-0.063896
-0.064836
-0.065963
-0.067148
-0.068275
-0.069315
-0.070466
-0.071701
-0.072907
-0.073953
-0.074722
-0.075135
-0.074990
-0.074317
-0.073339
-0.072332
-0.071562
-0.071217
-0.071322
-0.071830
-0.072730
-0.074004
-0.075620
-0.077534
-0.079791
-0.082540
-0.085604
-0.088739
-0.091692
-0.094251
-0.096319
-0.098035
-0.099531
-0.101003
-0.102677
-0.104750
-0.107288
-0.109344
-0.110643
-0.111471
-0.112207
-0.113220
-0.114774
-0.116720
-0.118800
-0.120967
-0.123159
-0.125314
-0.127380
-0.129460
-0.131838
-0.134414
-0.137016
-0.139458
-0.141583
-0.143314
-0.144735
-0.145881
-0.146799
-0.147547
-0.148184
-0.148761
-0.149300
-0.149812
-0.150297
-0.150744
-0.151141
-0.151474
-0.151887
-0.152502
-0.153259
-0.154074
-0.154863
-0.155558
-0.156240
-0.157161
-0.158264
-0.159443
-0.160582
-0.161584
-0.162474
-0.163691
-0.165245
-0.167014
-0.168854
-0.170626
-0.172244
-0.173967
-0.175851
-0.177781
-0.179623
-0.181255
-0.182590
-0.183747
-0.184859
-0.185882
-0.186754
-0.187418
-0.187835
-0.188049
-0.188203
-0.188312
-0.188377
-0.188398
-0.188376
-0.188263
-0.187778
-0.186923
-0.185786
-0.184478
-0.183111
-0.181774
-0.180273
-0.178618
-0.176985
-0.175573
-0.174559
-0.174066
-0.173819
-0.173491
-0.173064
-0.172513
-0.171809
-0.170932
-0.169824
-0.168385
-0.166675
-0.164796
-0.162862
-0.160974
-0.159164
-0.157263
-0.155356
-0.153631
-0.152297
-0.151520
-0.151369
-0.151630
-0.152109
-0.152635
-0.153024
-0.153109
-0.152775
-0.152491
-0.152707
-0.153266
-0.153949
-0.154525
-0.154807
-0.154816
-0.154828
-0.154824
-0.154770
-0.154636
-0.154400
-0.154064
-0.153701
-0.153305
-0.152846
-0.152291
-0.151618
-0.150840
-0.150181
-0.149727
-0.149445
-0.149277
-0.149164
-0.149061
-0.148757
-0.148104
-0.147231
-0.146316
-0.145545
-0.145076
-0.144802
-0.144311
-0.143706
-0.143168
-0.142880
-0.142992
-0.143535
-0.144234
-0.144997
-0.145752
-0.146416
-0.146912
-0.147188
-0.147308
-0.147288
-0.147099
-0.146715
-0.146116
-0.145288
-0.144324
-0.143332
-0.142351
-0.141432
-0.140627
-0.139975
-0.139391
-0.138642
-0.137792
-0.136959
-0.136273
-0.135840
-0.135648
-0.135283
-0.134676
-0.133841
-0.132805
-0.131611
-0.130331
-0.129295
-0.128629
-0.128279
-0.128145
-0.128120
-0.128122
-0.128045
-0.127814
-0.127426
-0.126882
-0.126192
-0.125376
-0.124559
-0.123986
-0.123635
-0.123430
-0.123273
-0.123082
-0.122835
-0.122689
-0.122681
-0.122825
-0.123129
-0.123589
-0.124164
-0.124435
-0.124282
-0.123836
-0.123284
-0.122815
-0.122567
-0.122669
-0.123171
-0.123992
-0.125014
-0.126104
-0.127132
-0.128090
-0.129114
-0.130081
-0.130830
-0.131209
-0.131097
-0.130483
-0.129695
-0.128848
-0.128041
-0.127383
-0.126967
-0.126811
-0.126500
-0.125878
-0.125019
-0.124033
-0.123033
-0.122102
-0.121316
-0.120695
-0.120184
-0.119704
-0.119173
-0.118525
-0.117935
-0.117855
-0.118136
-0.118514
-0.118704
-0.118467
-0.117719
-0.116753
-0.115644
-0.114428
-0.113155
-0.111875
-0.110612
-0.108916
-0.106741
-0.104385
-0.102207
-0.100548
-0.099649
-0.099040
-0.098165
-0.097016
-0.095592
-0.093903
-0.091985
-0.090171
-0.089139
-0.088748
-0.088681
-0.088576
-0.088120
-0.087208
-0.086252
-0.085304
-0.084324
-0.083267
-0.082095
-0.080775
-0.078972
-0.076677
-0.074149
-0.071707
-0.069656
-0.068212
-0.067004
-0.065634
-0.064245
-0.063027
-0.062166
-0.061793
-0.061845
-0.062033
-0.062263
-0.062437
-0.062460
-0.062256
-0.061894
-0.062021
-0.062587
-0.063311
-0.063872
-0.063980
-0.063483
-0.062963
-0.062637
-0.062412
-0.062165
-0.061781
-0.061176
-0.060362
-0.059399
-0.058349
-0.057294
-0.056321
-0.055500
-0.054780
-0.053966
-0.053106
-0.052282
-0.051582
-0.051075
-0.050761
-0.050421
-0.050055
-0.049727
-0.049511
-0.049466
-0.049617
-0.049913
-0.050284
-0.050641
-0.050887
-0.050931
-0.050712
-0.050356
-0.050001
-0.049622
-0.049186
-0.048657
-0.048005
-0.047210
-0.046265
-0.045183
-0.043989
-0.042717
-0.041397
-0.040078
-0.038920
-0.037914
-0.036994
-0.036077
-0.035091
-0.033998
-0.032922
-0.031923
-0.031000
-0.030151
-0.029375
-0.028668
-0.027871
-0.026846
-0.025666
-0.024428
-0.023235
-0.022170
-0.021224
-0.020277
-0.019348
-0.018464
-0.017649
-0.016925
-0.016292
-0.015677
-0.015058
-0.014412
-0.013716
-0.012957
-0.012139
-0.011249
-0.010333
-0.009480
-0.008792
-0.008358
-0.008240
-0.008268
-0.008265
-0.008260
-0.008294
-0.008409
-0.008638
-0.009057
-0.009791
-0.010757
-0.011818
-0.012823
-0.013646
-0.014244
-0.014804
-0.015350
-0.015875
-0.016374
-0.016838
-0.017245
-0.017345
-0.017090
-0.016601
-0.016033
-0.015535
-0.015215
-0.015055
-0.014998
-0.015051
-0.015219
-0.015503
-0.015898
-0.016435
-0.017191
-0.018085
-0.018997
-0.019804
-0.020405
-0.020811
-0.021420
-0.022250
-0.023219
-0.024230
-0.025189
-0.026020
-0.026625
-0.026989
-0.027174
-0.027267
-0.027356
-0.027505
-0.027515
-0.027209
-0.026698
-0.026138
-0.025682
-0.025453
-0.025447
-0.025519
-0.025634
-0.025745
-0.025805
-0.025775
-0.025666
-0.025662
-0.025747
-0.025841
-0.025850
-0.025700
-0.025361
-0.025061
-0.024898
-0.024863
-0.024936
-0.025094
-0.025315
-0.025590
-0.025892
-0.026175
-0.026373
-0.026425
-0.026289
-0.026004
-0.025699
-0.025402
-0.025139
-0.024929
-0.024790
-0.024697
-0.024474
-0.024137
-0.023766
-0.023455
-0.023283
-0.023295
-0.023415
-0.023590
-0.023786
-0.023965
-0.024090
-0.024136
-0.024217
-0.024444
-0.024784
-0.025191
-0.025615
-0.026018
-0.026361
-0.026610
-0.026793
-0.026960
-0.027169
-0.027465
-0.027828
-0.028005
-0.027990
-0.027851
-0.027670
-0.027528
-0.027478
-0.027477
-0.027506
-0.027568
-0.027663
-0.027783
-0.027926
-0.028168
-0.028567
-0.029056
-0.029547
-0.029948
-0.030193
-0.030340
-0.030600
-0.030947
-0.031323
-0.031664
-0.031918
-0.032085
-0.032332
-0.032670
-0.033065
-0.033477
-0.033868
-0.034207
-0.034506
-0.034766
-0.034982
-0.035154
-0.035285
-0.035375
-0.035384
-0.035285
-0.035115
-0.034924
-0.034764
-0.034674
-0.034631
-0.034541
-0.034406
-0.034239
-0.034056
-0.033872
-0.033709
-0.033641
-0.033671
-0.033780
-0.033943
-0.034131
-0.034320
-0.034455
-0.034522
-0.034541
-0.034547
-0.034571
-0.034639
-0.034726
-0.034802
-0.034882
-0.034985
-0.035130
-0.035329
-0.035612
-0.036027
-0.036526
-0.037035
-0.037474
-0.037778
-0.037916
-0.037929
-0.037832
-0.037641
-0.037379
-0.037070
-0.036737
-0.036274
-0.035683
-0.035058
-0.034506
-0.034126
-0.033992
-0.033949
-0.033824
-0.033632
-0.033393
-0.033129
-0.032865
-0.032652
-0.032572
-0.032607
-0.032712
-0.032837
-0.032936
-0.033003
-0.033168
-0.033428
-0.033739
-0.034048
-0.034304
-0.034473
-0.034516
-0.034441
-0.034285
-0.034102
-0.033945
-0.033852
-0.033717
-0.033445
-0.033093
-0.032740
-0.032462
-0.032318
-0.032301
-0.032333
-0.032378
-0.032393
-0.032331
-0.032159
-0.031903
-0.031823
-0.031922
-0.032128
-0.032352
-0.032516
-0.032565
-0.032527
-0.032429
-0.032291
-0.032143
-0.032018
-0.031936
-0.031825
-0.031620
-0.031377
-0.031168
-0.031062
-0.031109
-0.031279
-0.031453
-0.031607
-0.031721
-0.031775
-0.031757
-0.031675
-0.031617
-0.031585
-0.031560
-0.031519
-0.031443
-0.031320
-0.031139
-0.030910
-0.030661
-0.030422
-0.030223
-0.030085
-0.029934
-0.029700
-0.029408
-0.029091
-0.028785
-0.028521
-0.028328
-0.028232
-0.028223
-0.028279
-0.028371
-0.028475
-0.028595
-0.028842
-0.029189
-0.029564
-0.029883
-0.030077
-0.030112
-0.030122
-0.030157
-0.030203
-0.030240
-0.030248
-0.030217
-0.030128
-0.029979
-0.029795
-0.029605
-0.029439
-0.029317
-0.029226
-0.029116
-0.028982
-0.028825
-0.028642
-0.028435
-0.028210
-0.027998
-0.027793
-0.027581
-0.027343
-0.027067
-0.026751
-0.026444
-0.026167
-0.025919
-0.025698
-0.025498
-0.025317
-0.025130
-0.024917
-0.024686
-0.024446
-0.024206
-0.023975
-0.023755
-0.023546
-0.023347
-0.023153
-0.022962
-0.022772
-0.022583
-0.022415
-0.022274
-0.022163
-0.022087
-0.022046
-0.022035
-0.022000
-0.021926
-0.021827
-0.021723
-0.021631
-0.021564
-0.021512
-0.021464
-0.021418
-0.021373
-0.021325
-0.021273
-0.021223
-0.021181
-0.021147
-0.021116
-0.021082
-0.021043
-0.020994
-0.020912
-0.020801
-0.020674
-0.020543
-0.020421
-0.020316
-0.020212
-0.020107
-0.020013
-0.019939
-0.019893
-0.019878
-0.019885
-0.019898
-0.019916
-0.019933
-0.019948
-0.019956
-0.019967
-0.020001
-0.020052
-0.020107
-0.020156
-0.020187
-0.020202
-0.020223
-0.020253
-0.020291
-0.020334
-0.020378
-0.020422
-0.020448
-0.020455
-0.020446
-0.020431
-0.020418
