-0.020901
-0.020901
-0.020901
-0.020901
-0.020901
-0.020901
-0.020901
-0.020901
-0.020901
-0.020901
-0.020901
-0.020900
-0.020900
-0.020900
-0.020900
-0.020900
-0.020900
-0.020900
-0.020901
-0.020901
-0.020901
-0.020902
-0.020902
-0.020903
-0.020903
-0.020903
-0.020903
-0.020903
-0.020903
-0.020902
-0.020902
-0.020902
-0.020902
-0.020902
-0.020902
-0.020901
-0.020900
-0.020900
-0.020899
-0.020899
-0.020898
-0.020898
-0.020897
-0.020896
-0.020894
-0.020894
-0.020894
-0.020894
-0.020895
-0.020895
-0.020894
-0.020892
-0.020890
-0.020886
-0.020883
-0.020878
-0.020873
-0.020867
-0.020859
-0.020850
-0.020841
-0.020833
-0.020826
-0.020822
-0.020816
-0.020808
-0.020798
-0.020788
-0.020777
-0.020766
-0.020756
-0.020745
-0.020734
-0.020724
-0.020715
-0.020706
-0.020697
-0.020689
-0.020681
-0.020673
-0.020662
-0.020650
-0.020636
-0.020625
-0.020615
-0.020605
-0.020594
-0.020580
-0.020564
-0.020547
-0.020531
-0.020514
-0.020497
-0.020478
-0.020457
-0.020435
-0.020413
-0.020390
-0.020368
-0.020348
-0.020329
-0.020311
-0.020293
-0.020274
-0.020256
-0.020236
-0.020216
-0.020195
-0.020174
-0.020153
-0.020129
-0.020104
-0.020077
-0.020047
-0.020016
-0.019984
-0.019954
-0.019926
-0.019902
-0.019884
-0.019864
-0.019840
-0.019814
-0.019786
-0.019758
-0.019731
-0.019706
-0.019681
-0.019657
-0.019632
-0.019605
-0.019576
-0.019546
-0.019517
-0.019488
-0.019459
-0.019430
-0.019401
-0.019369
-0.019336
-0.019299
-0.019260
-0.019220
-0.019177
-0.019133
-0.019087
-0.019039
-0.018990
-0.018943
-0.018898
-0.018857
-0.018816
-0.018768
-0.018717
-0.018665
-0.018614
-0.018567
-0.018523
-0.018481
-0.018438
-0.018395
-0.018352
-0.018310
-0.018268
-0.018233
-0.018206
-0.018183
-0.018161
-0.018136
-0.018107
-0.018076
-0.018046
-0.018016
-0.017985
-0.017953
-0.017918
-0.017883
-0.017847
-0.017812
-0.017783
-0.017761
-0.017747
-0.017741
-0.017732
-0.017720
-0.017706
-0.017690
-0.017671
-0.017651
-0.017632
-0.017613
-0.017595
-0.017576
-0.017556
-0.017535
-0.017515
-0.017496
-0.017476
-0.017455
-0.017429
-0.017398
-0.017367
-0.017339
-0.017313
-0.017288
-0.017262
-0.017233
-0.017200
-0.017162
-0.017121
-0.017084
-0.017057
-0.017046
-0.017049
-0.017039
-0.017015
-0.016982
-0.016946
-0.016913
-0.016887
-0.016864
-0.016843
-0.016822
-0.016799
-0.016774
-0.016743
-0.016713
-0.016687
-0.016665
-0.016645
-0.016625
-0.016605
-0.016581
-0.016551
-0.016514
-0.016471
-0.016424
-0.016371
-0.016318
-0.016279
-0.016253
-0.016235
-0.016219
-0.016197
-0.016166
-0.016150
-0.016155
-0.016169
-0.016177
-0.016164
-0.016121
-0.016062
-0.016004
-0.015942
-0.015869
-0.015778
-0.015664
-0.015522
-0.015353
-0.015166
-0.014971
-0.014783
-0.014612
-0.014456
-0.014259
-0.014021
-0.013761
-0.013500
-0.013259
-0.013053
-0.012857
-0.012663
-0.012472
-0.012291
-0.012121
-0.011967
-0.011836
-0.011735
-0.011651
-0.011569
-0.011470
-0.011341
-0.011185
-0.011036
-0.010890
-0.010743
-0.010589
-0.010423
-0.010244
-0.010061
-0.009879
-0.009704
-0.009544
-0.009403
-0.009285
-0.009187
-0.009102
-0.009022
-0.008933
-0.008826
-0.008692
-0.008555
-0.008443
-0.008347
-0.008258
-0.008166
-0.008061
-0.007936
-0.007787
-0.007618
-0.007436
-0.007251
-0.007070
-0.006895
-0.006698
-0.006482
-0.006257
-0.006040
-0.005841
-0.005669
-0.005506
-0.005342
-0.005178
-0.005011
-0.004842
-0.004670
-0.004511
-0.004376
-0.004256
-0.004138
-0.004010
-0.003861
-0.003699
-0.003555
-0.003428
-0.003313
-0.003203
-0.003093
-0.002978
-0.002847
-0.002699
-0.002538
-0.002369
-0.002198
-0.002032
-0.001882
-0.001755
-0.001647
-0.001555
-0.001473
-0.001397
-0.001310
-0.001199
-0.001069
-0.000925
-0.000774
-0.000624
-0.000464
-0.000264
-0.000038
0.000192
0.000403
0.000574
0.000698
0.000801
0.000892
0.000979
0.001070
0.001173
0.001291
0.001390
0.001457
0.001504
0.001545
0.001594
0.001661
0.001747
0.001850
0.001963
0.002081
0.002196
0.002304
0.002409
0.002528
0.002659
0.002797
0.002936
0.003070
0.003199
0.003333
0.003471
0.003607
0.003737
0.003854
0.003958
0.004070
0.004195
0.004330
0.004466
0.004596
0.004713
0.004795
0.004823
0.004809
0.004770
0.004724
0.004686
0.004651
0.004589
0.004507
0.004417
0.004331
0.004262
0.004218
0.004215
0.004244
0.004283
0.004303
0.004280
0.004203
0.004128
0.004080
0.004055
0.004044
0.004040
0.004037
0.004030
0.004019
0.004008
0.004001
0.004002
0.004013
0.004033
0.004062
0.004088
0.004102
0.004089
0.004041
0.003961
0.003894
0.003850
0.003832
0.003841
0.003879
0.003942
0.003996
0.004028
0.004047
0.004064
0.004094
0.004146
0.004180
0.004159
0.004103
0.004037
0.003989
0.003981
0.004008
0.004033
0.004055
0.004071
0.004081
0.004084
0.004084
0.004110
0.004152
0.004185
0.004181
0.004113
0.003970
0.003792
0.003603
0.003416
0.003244
0.003098
0.002988
0.002886
0.002766
0.002635
0.002501
0.002376
0.002270
0.002182
0.002102
0.002037
0.001993
0.001977
0.001996
0.002042
0.002070
0.002086
0.002119
0.002200
0.002359
0.002607
0.002900
0.003207
0.003511
0.003793
0.004037
0.004230
0.004469
0.004840
0.005297
0.005775
0.006205
0.006530
0.006758
0.006969
0.007167
0.007353
0.007527
0.007692
0.007826
0.007798
0.007621
0.007365
0.007112
0.006939
0.006899
0.006900
0.006909
0.006944
0.007021
0.007155
0.007357
0.007649
0.008039
0.008484
0.008924
0.009301
0.009565
0.009737
0.009911
0.010096
0.010294
0.010507
0.010734
0.010962
0.011102
0.011165
0.011200
0.011265
0.011412
0.011670
0.011929
0.012148
0.012342
0.012529
0.012729
0.012958
0.013211
0.013476
0.013742
0.013999
0.014236
0.014447
0.014656
0.014921
0.015244
0.015621
0.016043
0.016501
0.016991
0.017513
0.018061
0.018620
0.019174
0.019709
0.020217
0.020744
0.021304
0.021883
0.022461
0.023019
0.023544
0.024049
0.024559
0.025088
0.025651
0.026267
0.026944
0.027657
0.028339
0.028985
0.029596
0.030177
0.030734
0.031282
0.031888
0.032540
0.033189
0.033782
0.034268
0.034622
0.034938
0.035253
0.035554
0.035824
0.036047
0.036210
0.036266
0.036191
0.036032
0.035858
0.035738
0.035731
0.035802
0.035807
0.035765
0.035718
0.035710
0.035779
0.035943
0.036191
0.036499
0.036828
0.037131
0.037367
0.037512
0.037663
0.037854
0.038067
0.038276
0.038459
0.038597
0.038641
0.038562
0.038393
0.038184
0.037985
0.037836
0.037729
0.037592
0.037425
0.037238
0.037037
0.036831
0.036639
0.036539
0.036524
0.036558
0.036596
0.036595
0.036529
0.036429
0.036316
0.036205
0.036113
0.036057
0.036051
0.036050
0.036010
0.035942
0.035861
0.035780
0.035710
0.035664
0.035666
0.035684
0.035670
0.035575
0.035358
0.035035
0.034824
0.034739
0.034729
0.034731
0.034687
0.034556
0.034397
0.034231
0.034043
0.033819
0.033549
0.033226
0.032859
0.032471
0.032091
0.031755
0.031501
0.031357
0.031293
0.031212
0.031115
0.031013
0.030919
0.030847
0.030800
0.030771
0.030752
0.030737
0.030717
0.030685
0.030638
0.030632
0.030674
0.030736
0.030779
0.030766
0.030670
0.030532
0.030402
0.030276
0.030151
0.030023
0.029891
0.029712
0.029394
0.028987
0.028572
0.028239
0.028061
0.028038
0.027927
0.027703
0.027403
0.027071
0.026752
0.026482
0.026335
0.026319
0.026379
0.026442
0.026435
0.026304
0.026172
0.026162
0.026225
0.026295
0.026298
0.026181
0.025956
0.025720
0.025480
0.025243
0.025013
0.024798
0.024595
0.024381
0.024157
0.023932
0.023714
0.023514
0.023338
0.023180
0.023043
0.022930
0.022848
0.022801
0.022793
0.022796
0.022783
0.022750
0.022696
0.022618
0.022517
0.022413
0.022345
0.022311
0.022298
0.022290
0.022274
0.022242
0.022195
0.022147
0.022123
0.022150
0.022250
0.022427
0.022512
0.022458
0.022319
0.022169
0.022083
0.022113
0.022139
0.022032
0.021831
0.021593
0.021376
0.021228
0.021135
0.021005
0.020852
0.020698
0.020569
0.020485
0.020446
0.020372
0.020245
0.020059
0.019809
0.019495
0.019132
0.018867
0.018752
0.018753
0.018823
0.018907
0.018967
0.019049
0.019205
0.019402
0.019600
0.019753
0.019827
0.019850
0.019920
0.020028
0.020152
0.020265
0.020348
0.020408
0.020572
0.020850
0.021220
0.021654
0.022122
0.022597
0.023082
0.023566
0.024023
0.024430
0.024769
0.025026
0.025261
0.025537
0.025847
0.026182
0.026533
0.026886
0.027193
0.027360
0.027415
0.027418
0.027434
0.027521
0.027672
0.027653
0.027461
0.027161
0.026831
0.026550
0.026373
0.026287
0.026283
0.026357
0.026497
0.026687
0.026913
0.027178
0.027479
0.027786
0.028056
0.028249
0.028338
0.028343
0.028343
0.028355
0.028394
0.028472
0.028599
0.028766
0.028903
0.029019
0.029149
0.029336
0.029612
0.029988
0.030361
0.030682
0.030946
0.031154
0.031311
0.031420
0.031554
0.031774
0.032057
0.032371
0.032679
0.032949
0.033176
0.033385
0.033571
0.033728
0.033851
0.033937
0.033972
0.033880
0.033666
0.033361
0.033007
0.032645
0.032308
0.032022
0.031791
0.031607
0.031451
0.031304
0.031150
0.031004
0.030881
0.030773
0.030665
0.030542
0.030397
0.030239
0.030108
0.030004
0.029923
0.029861
0.029814
0.029810
0.030019
0.030426
0.030951
0.031498
0.031975
0.032325
0.032654
0.033001
0.033349
0.033680
0.033977
0.034231
0.034417
0.034528
0.034606
0.034709
0.034894
0.035202
0.035578
0.035850
0.036031
0.036159
0.036278
0.036428
0.036619
0.036787
0.036933
0.037080
0.037252
0.037471
0.037749
0.038141
0.038635
0.039159
0.039630
0.039967
0.040112
0.040260
0.040604
0.041070
0.041558
0.041964
0.042211
0.042317
0.042419
0.042540
0.042704
0.042936
0.043254
0.043637
0.043911
0.044073
0.044174
0.044278
0.044443
0.044704
0.044980
0.045242
0.045501
0.045771
0.046063
0.046385
0.046717
0.047042
0.047381
0.047757
0.048193
0.048704
0.049231
0.049633
0.049924
0.050141
0.050333
0.050541
0.050795
0.051127
0.051533
0.051993
0.052483
0.052976
0.053452
0.054018
0.054676
0.055341
0.055915
0.056303
0.056440
0.056465
0.056539
0.056662
0.056834
0.057055
0.057319
0.057568
0.057680
0.057690
0.057672
0.057706
0.057859
0.058149
0.058449
0.058734
0.058998
0.059238
0.059452
0.059642
0.059846
0.060078
0.060325
0.060574
0.060808
0.061014
0.061173
0.061279
0.061363
0.061467
0.061635
0.061899
0.062236
0.062555
0.062859
0.063163
0.063482
0.063832
0.064216
0.064602
0.064980
0.065340
0.065674
0.065973
0.066240
0.066572
0.066997
0.067480
0.067973
0.068427
0.068809
0.069193
0.069645
0.070101
0.070476
0.070682
0.070657
0.070479
0.070393
0.070395
0.070445
0.070493
0.070497
0.070424
0.070225
0.069925
0.069581
0.069261
0.069030
0.068922
0.068751
0.068470
0.068154
0.067894
0.067781
0.067882
0.068050
0.068118
0.068099
0.068009
0.067868
0.067698
0.067497
0.067239
0.066951
0.066669
0.066430
0.066266
0.066185
0.066116
0.066064
0.066056
0.066123
0.066291
0.066569
0.066879
0.067193
0.067528
0.067907
0.068354
0.068889
0.069495
0.070151
0.070859
0.071620
0.072428
0.073268
0.074104
0.074871
0.075537
0.076074
0.076462
0.076685
0.076763
0.076849
0.076959
0.077072
0.077165
0.077211
0.077200
0.077241
0.077359
0.077506
0.077620
0.077641
0.077526
0.077291
0.076974
0.076595
0.076184
0.075775
0.075403
0.075109
0.074946
0.074914
0.074996
0.075168
0.075404
0.075702
0.076129
0.076648
0.077177
0.077617
0.077882
0.077926
0.077794
0.077552
0.077278
0.077069
0.077017
0.077187
0.077338
0.077233
0.076964
0.076667
0.076482
0.076528
0.076779
0.077029
0.077301
0.077632
0.078063
0.078625
0.079330
0.080151
0.081041
0.081930
0.082732
0.083374
0.083827
0.084499
0.085495
0.086657
0.087779
0.088655
0.089134
0.089443
0.089852
0.090323
0.090804
0.091238
0.091580
0.091788
0.091822
0.091738
0.091626
0.091587
0.091707
0.091996
0.092214
0.092357
0.092494
0.092705
0.093061
0.093597
0.094099
0.094489
0.094806
0.095103
0.095437
0.095848
0.096492
0.097471
0.098680
0.099969
0.101176
0.102163
0.102941
0.103704
0.104425
0.105063
0.105579
0.105947
0.106109
0.105838
0.105221
0.104488
0.103914
0.103746
0.104129
0.104692
0.105263
0.105847
0.106453
0.107091
0.107767
0.108681
0.109969
0.111452
0.112881
0.113998
0.114598
0.114738
0.114788
0.114777
0.114717
0.114619
0.114494
0.114263
0.113441
0.112077
0.110412
0.108736
0.107322
0.106350
0.105607
0.104979
0.104441
0.103949
0.103454
0.102920
0.102614
0.102762
0.103207
0.103726
0.104085
0.104095
0.103790
0.103474
0.103156
0.102833
0.102502
0.102164
0.101845
0.101696
0.101743
0.101980
0.102394
0.102961
0.103641
0.104335
0.104977
0.105533
0.105983
0.106311
0.106511
0.106642
0.106770
0.106897
0.107031
0.107181
0.107354
0.107569
0.107857
0.108207
0.108601
0.109014
0.109422
0.109828
0.110313
0.110856
0.111396
0.111865
0.112201
0.112382
0.112697
0.113230
0.113882
0.114524
0.115028
0.115302
0.115448
0.115607
0.115788
0.116004
0.116269
0.116597
0.116909
0.117021
0.117010
0.117010
0.117163
0.117591
0.118276
0.118724
0.118872
0.118764
0.118464
0.118045
0.117584
0.117248
0.117102
0.117118
0.117241
0.117404
0.117557
0.117723
0.117938
0.118188
0.118453
0.118713
0.118950
0.119135
0.119227
0.119250
0.119249
0.119273
0.119363
0.119537
0.119777
0.120109
0.120586
0.121264
0.122177
0.123300
0.124224
0.124783
0.125020
0.125019
0.124877
0.124666
0.124564
0.124698
0.125003
0.125384
0.125737
0.125973
0.126126
0.126379
0.126667
0.126896
0.126967
0.126800
0.126342
0.125551
0.124500
0.123327
0.122198
0.121267
0.120620
0.119903
0.119013
0.118056
0.117162
0.116456
0.116028
0.115568
0.114755
0.113658
0.112375
0.111016
0.109682
0.108405
0.107130
0.105904
0.104775
0.103784
0.102964
0.102327
0.101824
0.101416
0.101048
0.100651
0.100168
0.099568
0.098887
0.098175
0.097501
0.096942
0.096573
0.096443
0.096493
0.096626
0.096797
0.096939
0.096985
0.096876
0.096723
0.096841
0.097116
0.097359
0.097365
0.096965
0.096093
0.094896
0.093481
0.091989
0.090580
0.089402
0.088530
0.087478
0.086122
0.084645
0.083278
0.082241
0.081694
0.081483
0.081399
0.081448
0.081635
0.081957
0.082399
0.083017
0.083949
0.085055
0.086134
0.086973
0.087396
0.087429
0.087779
0.088485
0.089397
0.090333
0.091125
0.091652
0.091946
0.092048
0.092006
0.091895
0.091791
0.091750
0.091618
0.091247
0.090708
0.090103
0.089541
0.089118
0.088816
0.088481
0.088165
0.087939
0.087873
0.088019
0.088341
0.088484
0.088392
0.088079
0.087570
0.086899
0.086105
0.085300
0.084530
0.083782
0.083030
0.082240
0.081386
0.080720
0.080461
0.080505
0.080704
0.080902
0.080970
0.081052
0.081622
0.082534
0.083545
0.084393
0.084854
0.084904
0.085142
0.085604
0.086173
0.086711
0.087091
0.087225
0.087228
0.087137
0.086929
0.086581
0.086079
0.085411
0.084484
0.083232
0.081731
0.080088
0.078418
0.076823
0.075220
0.073317
0.071227
0.069130
0.067213
0.065633
0.064415
0.063194
0.061905
0.060545
0.059114
0.057614
0.056056
0.054454
0.052836
0.051241
0.049708
0.048273
0.046961
0.045619
0.044096
0.042433
0.040681
0.038895
0.037125
0.035479
0.034136
0.033014
0.031961
0.030811
0.029426
0.027778
0.026119
0.024520
0.023023
0.021669
0.020494
0.019497
0.018288
0.016787
0.015178
0.013694
0.012563
0.011946
0.011690
0.011571
0.011557
0.011600
0.011646
0.011644
0.011616
0.011675
0.011747
0.011731
0.011522
0.011040
0.010274
0.009406
0.008504
0.007628
0.006845
0.006213
0.005765
0.005447
0.005220
0.005063
0.004946
0.004847
0.004745
0.004770
0.005026
0.005430
0.005865
0.006216
0.006394
0.006448
0.006585
0.006809
0.007102
0.007441
0.007806
0.008149
0.008274
0.008180
0.007929
0.007596
0.007259
0.006979
0.006827
0.006813
0.006895
0.007011
0.007095
0.007099
0.007037
0.006936
0.006790
0.006591
0.006341
0.006052
0.005646
0.004941
0.004089
0.003316
0.002858
0.002907
0.003477
0.004047
0.004534
0.004954
0.005331
0.005685
0.006041
0.006599
0.007377
0.008244
0.009031
0.009578
0.009768
0.009767
0.009784
0.009828
0.009904
0.010017
0.010160
0.010296
0.010355
0.010311
0.010149
0.009859
0.009438
0.008927
0.008563
0.008368
0.008311
0.008349
0.008437
0.008528
0.008476
0.008248
0.007917
0.007580
0.007335
0.007254
0.007214
0.007079
0.006878
0.006654
0.006444
0.006273
0.006123
0.005926
0.005653
0.005274
0.004764
0.004106
0.003361
0.002903
0.002748
0.002802
0.002948
0.003073
0.003105
0.003181
0.003347
0.003568
0.003807
0.004033
0.004227
0.004335
0.004331
0.004257
0.004172
0.004138
0.004207
0.004413
0.004774
0.005254
0.005797
0.006337
0.006818
0.007201
0.007448
0.007550
0.007512
0.007341
0.007055
0.006684
0.006279
0.005894
0.005577
0.005376
0.005330
0.005461
0.005645
0.005756
0.005831
0.005917
0.006069
0.006338
0.006717
0.007134
0.007631
0.008265
0.009088
0.010141
0.011416
0.012767
0.014171
0.015635
0.017166
0.018766
0.020417
0.022014
0.023499
0.024854
0.026074
0.027157
0.028101
0.029052
0.030143
0.031349
0.032633
0.033950
0.035253
0.036532
0.037824
0.039064
0.040169
0.041059
0.041673
0.042028
0.042418
0.042850
0.043247
0.043522
0.043598
0.043445
0.043216
0.042996
0.042808
0.042672
0.042603
0.042612
0.042459
0.041932
0.041115
0.040127
0.039098
0.038143
0.037283
0.036425
0.035610
0.034883
0.034286
0.033849
0.033587
0.033471
0.033459
0.033485
0.033469
0.033341
0.033072
0.032853
0.032762
0.032787
0.032903
0.033085
0.033312
0.033582
0.033902
0.034269
0.034682
0.035136
0.035621
0.036098
0.036488
0.036799
0.037053
0.037279
0.037503
0.037744
0.038032
0.038387
0.038838
0.039414
0.040129
0.040968
0.041709
0.042257
0.042623
0.042840
0.042950
0.042983
0.042901
0.042673
0.042346
0.041986
0.041663
0.041430
0.041344
0.041459
0.041713
0.042001
0.042208
0.042236
0.042073
0.041949
0.041848
0.041673
0.041315
0.040685
0.039758
0.038778
0.037875
0.037081
0.036419
0.035904
0.035544
0.035145
0.034539
0.033803
0.033037
0.032347
0.031815
0.031314
0.030471
0.029396
0.028277
0.027318
0.026685
0.026445
0.026437
0.026607
0.026913
0.027300
0.027712
0.028110
0.028646
0.029325
0.030033
0.030642
0.031035
0.031132
0.031033
0.030890
0.030759
0.030715
0.030829
0.031143
0.031595
0.032007
0.032346
0.032589
0.032723
0.032741
0.032680
0.032776
0.033022
0.033334
0.033620
0.033796
0.033817
0.033870
0.034009
0.034180
0.034321
0.034374
0.034300
0.034166
0.034044
0.033912
0.033741
0.033506
0.033190
0.032774
0.032228
0.031615
0.031018
0.030524
0.030200
0.030032
0.029741
0.029321
0.028839
0.028371
0.027984
0.027717
0.027536
0.027409
0.027313
0.027214
0.027084
0.026902
0.026736
0.026649
0.026604
0.026554
0.026452
0.026263
0.025984
0.025645
0.025258
0.024840
0.024407
0.023974
0.023525
0.022923
0.022187
0.021383
0.020583
0.019850
0.019222
0.018656
0.018124
0.017611
0.017095
0.016557
0.015984
0.015423
0.014911
0.014419
0.013909
0.013345
0.012708
0.012000
0.011252
0.010495
0.009764
0.009095
0.008512
0.008011
0.007508
0.006993
0.006469
0.005940
0.005412
0.004887
0.004392
0.003928
0.003480
0.003028
0.002555
0.002051
0.001553
0.001096
0.000669
0.000260
-0.000144
-0.000552
-0.000964
-0.001372
-0.001779
-0.002190
-0.002610
-0.003039
-0.003477
-0.003912
-0.004342
-0.004766
-0.005185
-0.005598
-0.006007
-0.006416
-0.006827
-0.007238
-0.007647
-0.008050
-0.008447
-0.008834
-0.009209
-0.009569
-0.009914
-0.010241
-0.010550
-0.010841
-0.011119
-0.011383
-0.011632
-0.011865
-0.012083
-0.012287
-0.012490
-0.012689
-0.012877
-0.013045
-0.013186
-0.013295
-0.013393
-0.013485
-0.013566
-0.013629
-0.013670
