-0.020901
-0.020901
-0.020901
-0.020900
-0.020900
-0.020900
-0.020900
-0.020899
-0.020899
-0.020899
-0.020898
-0.020897
-0.020897
-0.020896
-0.020895
-0.020894
-0.020893
-0.020892
-0.020891
-0.020889
-0.020888
-0.020886
-0.020885
-0.020883
-0.020880
-0.020878
-0.020876
-0.020873
-0.020870
-0.020867
-0.020864
-0.020860
-0.020856
-0.020852
-0.020848
-0.020844
-0.020839
-0.020834
-0.020828
-0.020823
-0.020817
-0.020810
-0.020803
-0.020796
-0.020789
-0.020781
-0.020773
-0.020765
-0.020756
-0.020747
-0.020737
-0.020727
-0.020717
-0.020706
-0.020695
-0.020684
-0.020672
-0.020660
-0.020647
-0.020634
-0.020620
-0.020607
-0.020592
-0.020578
-0.020563
-0.020547
-0.020532
-0.020516
-0.020499
-0.020483
-0.020466
-0.020448
-0.020431
-0.020413
-0.020394
-0.020376
-0.020357
-0.020338
-0.020319
-0.020300
-0.020280
-0.020260
-0.020240
-0.020220
-0.020200
-0.020180
-0.020160
-0.020139
-0.020119
-0.020099
-0.020078
-0.020058
-0.020038
-0.020018
-0.019998
-0.019978
-0.019959
-0.019940
-0.019920
-0.019902
-0.019883
-0.019865
-0.019847
-0.019829
-0.019812
-0.019795
-0.019778
-0.019762
-0.019746
-0.019731
-0.019716
-0.019702
-0.019688
-0.019675
-0.019662
-0.019650
-0.019638
-0.019627
-0.019617
-0.019607
-0.019598
-0.019590
-0.019583
-0.019576
-0.019570
-0.019564
-0.019560
-0.019556
-0.019553
-0.019550
-0.019549
-0.019548
-0.019548
-0.019549
-0.019551
-0.019554
-0.019557
-0.019561
-0.019566
-0.019572
-0.019579
-0.019586
-0.019594
-0.019603
-0.019613
-0.019624
-0.019635
-0.019647
-0.019660
-0.019673
-0.019687
-0.019702
-0.019717
-0.019733
-0.019749
-0.019766
-0.019784
-0.019802
-0.019821
-0.019840
-0.019859
-0.019879
-0.019899
-0.019919
-0.019940
-0.019960
-0.019981
-0.020002
-0.020023
-0.020044
-0.020066
-0.020087
-0.020108
-0.020128
-0.020149
-0.020169
-0.020189
-0.020209
-0.020228
-0.020247
-0.020265
-0.020283
-0.020300
-0.020316
-0.020331
-0.020346
-0.020360
-0.020373
-0.020385
-0.020396
-0.020406
-0.020415
-0.020423
-0.020429
-0.020434
-0.020438
-0.020440
-0.020441
-0.020441
-0.020439
-0.020435
-0.020431
-0.020429
-0.020428
-0.020429
-0.020432
-0.020436
-0.020443
-0.020451
-0.020460
-0.020472
-0.020486
-0.020501
-0.020519
-0.020538
-0.020560
-0.020583
-0.020609
-0.020636
-0.020666
-0.020698
-0.020732
-0.020768
-0.020806
-0.020847
-0.020890
-0.020935
-0.020982
-0.021031
-0.021083
-0.021136
-0.021192
-0.021251
-0.021311
-0.021373
-0.021438
-0.021505
-0.021574
-0.021645
-0.021718
-0.021794
-0.021871
-0.021950
-0.022032
-0.022115
-0.022200
-0.022287
-0.022376
-0.022467
-0.022560
-0.022654
-0.022750
-0.022847
-0.022947
-0.023047
-0.023149
-0.023253
-0.023358
-0.023464
-0.023571
-0.023680
-0.023790
-0.023901
-0.024012
-0.024125
-0.024239
-0.024353
-0.024468
-0.024583
-0.024700
-0.024816
-0.024933
-0.025051
-0.025168
-0.025286
-0.025404
-0.025522
-0.025639
-0.025757
-0.025875
-0.025992
-0.026109
-0.026225
-0.026341
-0.026456
-0.026570
-0.026684
-0.026797
-0.026909
-0.027020
-0.027130
-0.027238
-0.027346
-0.027452
-0.027557
-0.027661
-0.027763
-0.027863
-0.027962
-0.028059
-0.028155
-0.028247
-0.028336
-0.028421
-0.028502
-0.028579
-0.028652
-0.028720
-0.028785
-0.028845
-0.028901
-0.028952
-0.028999
-0.029041
-0.029079
-0.029112
-0.029140
-0.029164
-0.029183
-0.029198
-0.029208
-0.029213
-0.029213
-0.029209
-0.029200
-0.029187
-0.029169
-0.029147
-0.029120
-0.029088
-0.029052
-0.029012
-0.028968
-0.028919
-0.028866
-0.028809
-0.028748
-0.028683
-0.028615
-0.028542
-0.028467
-0.028387
-0.028304
-0.028218
-0.028129
-0.028037
-0.027942
-0.027845
-0.027744
-0.027642
-0.027537
-0.027430
-0.027321
-0.027210
-0.027097
-0.026984
-0.026868
-0.026752
-0.026635
-0.026517
-0.026398
-0.026280
-0.026161
-0.026041
-0.025923
-0.025804
-0.025686
-0.025569
-0.025453
-0.025338
-0.025224
-0.025112
-0.025001
-0.024893
-0.024786
-0.024682
-0.024580
-0.024481
-0.024385
-0.024292
-0.024202
-0.024116
-0.024033
-0.023954
-0.023879
-0.023808
-0.023741
-0.023679
-0.023621
-0.023568
-0.023520
-0.023477
-0.023439
-0.023406
-0.023379
-0.023357
-0.023341
-0.023331
-0.023326
-0.023328
-0.023335
-0.023341
-0.023337
-0.023323
-0.023299
-0.023266
-0.023222
-0.023168
-0.023104
-0.023030
-0.022945
-0.022850
-0.022745
-0.022629
-0.022504
-0.022367
-0.022221
-0.022064
-0.021898
-0.021721
-0.021534
-0.021337
-0.021131
-0.020915
-0.020689
-0.020454
-0.020209
-0.019956
-0.019693
-0.019422
-0.019142
-0.018854
-0.018558
-0.018254
-0.017942
-0.017623
-0.017297
-0.016964
-0.016624
-0.016278
-0.015926
-0.015569
-0.015206
-0.014838
-0.014465
-0.014088
-0.013707
-0.013322
-0.012935
-0.012544
-0.012150
-0.011755
-0.011358
-0.010959
-0.010560
-0.010160
-0.009760
-0.009360
-0.008961
-0.008563
-0.008166
-0.007772
-0.007380
-0.006991
-0.006605
-0.006222
-0.005844
-0.005470
-0.005101
-0.004738
-0.004380
-0.004028
-0.003683
-0.003345
-0.003015
-0.002692
-0.002378
-0.002072
-0.001775
-0.001487
-0.001209
-0.000942
-0.000684
-0.000438
-0.000203
0.000021
0.000233
0.000434
0.000621
0.000796
0.000958
0.001107
0.001242
0.001364
0.001472
0.001565
0.001645
0.001709
0.001759
0.001794
0.001814
0.001827
0.001843
0.001860
0.001880
0.001901
0.001925
0.001950
0.001978
0.002008
0.002040
0.002075
0.002111
0.002150
0.002191
0.002234
0.002279
0.002327
0.002377
0.002429
0.002483
0.002539
0.002598
0.002659
0.002721
0.002787
0.002854
0.002923
0.002994
0.003067
0.003143
0.003220
0.003299
0.003380
0.003463
0.003548
0.003635
0.003723
0.003813
0.003905
0.003998
0.004092
0.004189
0.004286
0.004385
0.004485
0.004587
0.004689
0.004793
0.004898
0.005004
0.005111
0.005218
0.005327
0.005436
0.005545
0.005656
0.005766
0.005878
0.005989
0.006101
0.006213
0.006326
0.006438
0.006550
0.006662
0.006775
0.006886
0.006998
0.007109
0.007220
0.007331
0.007440
0.007549
0.007658
0.007766
0.007872
0.007978
0.008083
0.008187
0.008290
0.008392
0.008492
0.008592
0.008690
0.008786
0.008882
0.008975
0.009068
0.009158
0.009247
0.009335
0.009421
0.009505
0.009588
0.009668
0.009747
0.009824
0.009900
0.009973
0.010045
0.010111
0.010167
0.010215
0.010253
0.010282
0.010301
0.010311
0.010311
0.010302
0.010284
0.010256
0.010219
0.010173
0.010117
0.010053
0.009979
0.009896
0.009805
0.009704
0.009595
0.009478
0.009352
0.009218
0.009075
0.008925
0.008767
0.008602
0.008429
0.008249
0.008062
0.007868
0.007667
0.007461
0.007248
0.007029
0.006805
0.006576
0.006341
0.006102
0.005858
0.005610
0.005359
0.005103
0.004844
0.004583
0.004318
0.004051
0.003782
0.003511
0.003239
0.002966
0.002692
0.002417
0.002143
0.001869
0.001595
0.001322
0.001050
0.000780
0.000512
0.000246
-0.000017
-0.000278
-0.000535
-0.000788
-0.001038
-0.001283
-0.001524
-0.001760
-0.001991
-0.002216
-0.002435
-0.002649
-0.002856
-0.003056
-0.003249
-0.003435
-0.003614
-0.003784
-0.003947
-0.004101
-0.004247
-0.004384
-0.004512
-0.004631
-0.004740
-0.004840
-0.004930
-0.005009
-0.005079
-0.005138
-0.005187
-0.005225
-0.005252
-0.005269
-0.005274
-0.005269
-0.005252
-0.005223
-0.005184
-0.005140
-0.005099
-0.005060
-0.005024
-0.004991
-0.004960
-0.004932
-0.004907
-0.004884
-0.004864
-0.004847
-0.004833
-0.004821
-0.004811
-0.004805
-0.004800
-0.004799
-0.004800
-0.004803
-0.004809
-0.004818
-0.004829
-0.004842
-0.004857
-0.004875
-0.004895
-0.004918
-0.004942
-0.004968
-0.004997
-0.005027
-0.005060
-0.005094
-0.005130
-0.005168
-0.005207
-0.005249
-0.005291
-0.005335
-0.005381
-0.005427
-0.005475
-0.005524
-0.005574
-0.005625
-0.005678
-0.005730
-0.005784
-0.005838
-0.005893
-0.005949
-0.006004
-0.006061
-0.006117
-0.006173
-0.006230
-0.006287
-0.006343
-0.006399
-0.006455
-0.006511
-0.006566
-0.006621
-0.006675
-0.006728
-0.006780
-0.006832
-0.006883
-0.006932
-0.006981
-0.007029
-0.007075
-0.007119
-0.007163
-0.007205
-0.007245
-0.007284
-0.007321
-0.007357
-0.007390
-0.007422
-0.007452
-0.007479
-0.007505
-0.007529
-0.007550
-0.007569
-0.007587
-0.007601
-0.007614
-0.007624
-0.007632
-0.007637
-0.007640
-0.007640
-0.007638
-0.007634
-0.007626
-0.007617
-0.007604
-0.007585
-0.007555
-0.007513
-0.007461
-0.007397
-0.007322
-0.007235
-0.007138
-0.007029
-0.006910
-0.006780
-0.006639
-0.006487
-0.006325
-0.006152
-0.005969
-0.005776
-0.005573
-0.005360
-0.005138
-0.004906
-0.004665
-0.004415
-0.004156
-0.003889
-0.003614
-0.003330
-0.003039
-0.002741
-0.002435
-0.002123
-0.001804
-0.001479
-0.001148
-0.000811
-0.000469
-0.000123
0.000229
0.000584
0.000943
0.001305
0.001671
0.002039
0.002410
0.002782
0.003156
0.003531
0.003907
0.004283
0.004659
0.005034
0.005409
0.005782
0.006154
0.006523
0.006890
0.007254
0.007615
0.007972
0.008326
0.008674
0.009018
0.009357
0.009689
0.010016
0.010337
0.010651
0.010957
0.011257
0.011548
0.011832
0.012106
0.012372
0.012629
0.012877
0.013115
0.013342
0.013560
0.013767
0.013963
0.014148
0.014322
0.014484
0.014634
0.014772
0.014898
0.015012
0.015113
0.015202
0.015277
0.015340
0.015389
0.015425
0.015448
0.015458
0.015453
0.015436
0.015405
0.015360
0.015301
0.015234
0.015165
0.015094
0.015020
0.014943
0.014864
0.014783
0.014700
0.014614
0.014526
0.014436
0.014344
0.014249
0.014153
0.014054
0.013954
0.013851
0.013747
0.013641
0.013533
0.013424
0.013312
0.013200
0.013085
0.012970
0.012853
0.012735
0.012615
0.012495
0.012373
0.012250
0.012127
0.012002
0.011877
0.011751
0.011625
0.011498
0.011371
0.011243
0.011115
0.010987
0.010859
0.010731
0.010603
0.010475
0.010348
0.010221
0.010094
0.009968
0.009842
0.009718
0.009594
0.009471
0.009349
0.009228
0.009108
0.008989
0.008872
0.008756
0.008642
0.008529
0.008418
0.008309
0.008202
0.008096
0.007993
0.007891
0.007792
0.007695
0.007600
0.007508
0.007418
0.007331
0.007246
0.007164
0.007084
0.007008
0.006934
0.006863
0.006795
0.006730
0.006668
0.006609
0.006553
0.006500
0.006451
0.006404
0.006361
0.006322
0.006285
0.006253
0.006223
0.006197
0.006174
0.006155
0.006139
0.006127
0.006118
0.006113
0.006111
0.006105
0.006084
0.006051
0.006004
0.005943
0.005870
0.005783
0.005682
0.005569
0.005442
0.005302
0.005150
0.004984
0.004805
0.004614
0.004410
0.004194
0.003965
0.003724
0.003470
0.003205
0.002928
0.002639
0.002339
0.002027
0.001704
0.001370
0.001025
0.000670
0.000304
-0.000072
-0.000458
-0.000854
-0.001260
-0.001674
-0.002098
-0.002531
-0.002972
-0.003421
-0.003879
-0.004344
-0.004816
-0.005296
-0.005782
-0.006275
-0.006775
-0.007280
-0.007790
-0.008307
-0.008827
-0.009353
-0.009883
-0.010416
-0.010954
-0.011494
-0.012037
-0.012583
-0.013131
-0.013680
-0.014231
-0.014782
-0.015335
-0.015887
-0.016439
-0.016991
-0.017541
-0.018090
-0.018638
-0.019183
-0.019725
-0.020265
-0.020801
-0.021333
-0.021861
-0.022384
-0.022903
-0.023416
-0.023923
-0.024423
-0.024918
-0.025405
-0.025885
-0.026357
-0.026821
-0.027276
-0.027722
-0.028160
-0.028587
-0.029005
-0.029412
-0.029809
-0.030195
-0.030569
-0.030932
-0.031282
-0.031621
-0.031947
-0.032260
-0.032561
-0.032847
-0.033124
-0.033392
-0.033653
-0.033906
-0.034151
-0.034387
-0.034615
-0.034835
-0.035045
-0.035248
-0.035441
-0.035625
-0.035801
-0.035967
-0.036125
-0.036273
-0.036412
-0.036542
-0.036663
-0.036774
-0.036876
-0.036969
-0.037053
-0.037127
-0.037193
-0.037249
-0.037296
-0.037335
-0.037364
-0.037385
-0.037397
-0.037400
-0.037395
-0.037382
-0.037361
-0.037331
-0.037294
-0.037248
-0.037196
-0.037136
-0.037069
-0.036995
-0.036914
-0.036827
-0.036733
-0.036634
-0.036529
-0.036418
-0.036302
-0.036181
-0.036056
-0.035926
-0.035792
-0.035654
-0.035512
-0.035368
-0.035220
-0.035071
-0.034918
-0.034764
-0.034609
-0.034452
-0.034294
-0.034136
-0.033978
-0.033819
-0.033662
-0.033505
-0.033349
-0.033195
-0.033042
-0.032892
-0.032745
-0.032600
-0.032459
-0.032322
-0.032188
-0.032058
-0.031933
-0.031814
-0.031699
-0.031590
-0.031486
-0.031389
-0.031298
-0.031214
-0.031137
-0.031067
-0.031005
-0.030950
-0.030904
-0.030866
-0.030836
-0.030814
-0.030802
-0.030799
-0.030805
-0.030820
-0.030844
-0.030879
-0.030915
-0.030947
-0.030974
-0.030995
-0.031012
-0.031023
-0.031029
-0.031029
-0.031025
-0.031015
-0.030999
-0.030979
-0.030953
-0.030921
-0.030885
-0.030843
-0.030795
-0.030743
-0.030685
-0.030622
-0.030554
-0.030480
-0.030401
-0.030318
-0.030229
-0.030135
-0.030037
-0.029934
-0.029826
-0.029713
-0.029596
-0.029474
-0.029348
-0.029217
-0.029083
-0.028944
-0.028802
-0.028656
-0.028506
-0.028352
-0.028195
-0.028035
-0.027871
-0.027705
-0.027536
-0.027364
-0.027189
-0.027012
-0.026833
-0.026652
-0.026468
-0.026283
-0.026097
-0.025909
-0.025720
-0.025529
-0.025338
-0.025146
-0.024954
-0.024761
-0.024568
-0.024375
-0.024183
-0.023991
-0.023799
-0.023608
-0.023418
-0.023229
-0.023041
-0.022855
-0.022670
-0.022487
-0.022306
-0.022128
-0.021951
-0.021777
-0.021606
-0.021438
-0.021272
-0.021110
-0.020951
-0.020795
-0.020643
-0.020495
-0.020351
-0.020210
-0.020074
-0.019942
-0.019814
-0.019691
-0.019572
-0.019459
-0.019350
-0.019245
-0.019146
-0.019052
-0.018963
-0.018880
-0.018801
-0.018729
-0.018665
-0.018615
-0.018578
-0.018555
-0.018546
-0.018550
-0.018568
-0.018599
-0.018644
-0.018703
-0.018776
-0.018862
-0.018961
-0.019074
-0.019200
-0.019340
-0.019492
-0.019657
-0.019835
-0.020026
-0.020229
-0.020444
-0.020671
-0.020910
-0.021160
-0.021421
-0.021694
-0.021977
-0.022270
-0.022574
-0.022887
-0.023210
-0.023542
-0.023882
-0.024231
-0.024588
-0.024952
-0.025323
-0.025702
-0.026086
-0.026477
-0.026873
-0.027275
-0.027681
-0.028091
-0.028505
-0.028922
-0.029342
-0.029765
-0.030189
-0.030615
-0.031042
-0.031469
-0.031897
-0.032324
-0.032750
-0.033175
-0.033598
-0.034018
-0.034436
-0.034851
-0.035262
-0.035668
-0.036070
-0.036467
-0.036859
-0.037244
-0.037623
-0.037995
-0.038360
-0.038718
-0.039067
-0.039408
-0.039740
-0.040062
-0.040376
-0.040679
-0.040972
-0.041254
-0.041526
-0.041786
-0.042035
-0.042272
-0.042497
-0.042709
-0.042909
-0.043096
-0.043270
-0.043431
-0.043579
-0.043713
-0.043833
-0.043940
-0.044033
-0.044111
-0.044175
-0.044226
-0.044261
-0.044283
-0.044290
-0.044293
-0.044303
-0.044319
-0.044342
-0.044371
-0.044406
-0.044448
-0.044496
-0.044550
-0.044609
-0.044675
-0.044746
-0.044822
-0.044904
-0.044990
-0.045082
-0.045178
-0.045278
-0.045383
-0.045491
-0.045603
-0.045717
-0.045835
-0.045956
-0.046079
-0.046203
-0.046330
-0.046457
-0.046586
-0.046714
-0.046844
-0.046972
-0.047100
-0.047228
-0.047353
-0.047477
-0.047598
-0.047717
-0.047833
-0.047944
-0.048052
-0.048156
-0.048254
-0.048348
-0.048435
-0.048517
-0.048591
-0.048659
-0.048719
-0.048771
-0.048814
-0.048849
-0.048875
-0.048891
-0.048897
-0.048892
-0.048877
-0.048850
-0.048811
-0.048761
-0.048698
-0.048622
-0.048533
-0.048431
-0.048315
-0.048185
-0.048040
-0.047880
-0.047706
-0.047516
-0.047310
-0.047089
-0.046852
-0.046598
-0.046328
-0.046041
-0.045737
-0.045416
-0.045078
-0.044723
-0.044350
-0.043960
-0.043552
-0.043126
-0.042683
-0.042222
-0.041743
-0.041246
-0.040732
-0.040200
-0.039650
-0.039082
-0.038497
-0.037895
-0.037275
-0.036639
-0.035985
-0.035315
-0.034627
-0.033924
-0.033225
-0.032553
-0.031907
-0.031288
-0.030695
-0.030128
-0.029588
-0.029074
-0.028587
-0.028125
-0.027690
-0.027281
-0.026897
-0.026538
-0.026205
-0.025897
-0.025614
-0.025355
-0.025121
-0.024910
-0.024723
-0.024558
-0.024417
-0.024298
-0.024200
-0.024124
-0.024069
-0.024035
-0.024020
-0.024025
-0.024049
-0.024091
-0.024151
-0.024228
-0.024322
-0.024432
-0.024558
-0.024698
-0.024853
-0.025022
-0.025203
-0.025397
-0.025603
-0.025819
-0.026047
-0.026284
-0.026530
-0.026785
-0.027047
-0.027317
-0.027593
-0.027876
-0.028163
-0.028455
-0.028751
-0.029050
-0.029352
-0.029656
-0.029961
-0.030267
-0.030573
-0.030879
-0.031184
-0.031487
-0.031788
-0.032086
-0.032381
-0.032672
-0.032959
-0.033241
-0.033518
-0.033788
-0.034053
-0.034310
-0.034561
-0.034804
-0.035038
-0.035265
-0.035482
-0.035691
-0.035890
-0.036079
-0.036258
-0.036427
-0.036585
-0.036732
-0.036868
-0.036992
-0.037106
-0.037207
-0.037297
-0.037375
-0.037440
-0.037494
-0.037535
-0.037564
-0.037581
-0.037585
-0.037578
-0.037558
-0.037534
-0.037515
-0.037502
-0.037493
-0.037489
-0.037491
-0.037496
-0.037507
-0.037522
-0.037541
-0.037565
-0.037593
-0.037625
-0.037661
-0.037701
-0.037744
-0.037790
-0.037840
-0.037893
-0.037949
-0.038007
-0.038067
-0.038130
-0.038195
-0.038261
-0.038329
-0.038398
-0.038468
-0.038538
-0.038610
-0.038681
-0.038752
-0.038823
-0.038893
-0.038962
-0.039030
-0.039097
-0.039162
-0.039225
-0.039285
-0.039343
-0.039398
-0.039449
-0.039497
-0.039542
-0.039582
-0.039618
-0.039649
-0.039676
-0.039697
-0.039712
-0.039722
-0.039726
-0.039724
-0.039715
-0.039699
-0.039676
-0.039646
-0.039609
-0.039563
-0.039510
-0.039448
-0.039378
-0.039299
-0.039211
-0.039114
-0.039008
-0.038893
-0.038768
-0.038633
-0.038488
-0.038333
-0.038168
-0.037992
-0.037806
-0.037609
-0.037401
-0.037183
-0.036954
-0.036714
-0.036463
-0.036200
-0.035927
-0.035642
-0.035346
-0.035039
-0.034721
-0.034391
-0.034051
-0.033699
-0.033336
-0.032961
-0.032576
-0.032180
-0.031773
-0.031355
-0.030926
-0.030487
-0.030037
-0.029577
-0.029116
-0.028664
-0.028221
-0.027787
-0.027362
-0.026946
-0.026539
-0.026141
-0.025752
-0.025373
-0.025002
-0.024641
-0.024289
-0.023945
-0.023611
-0.023286
-0.022970
-0.022663
-0.022364
-0.022075
-0.021794
-0.021522
-0.021258
-0.021003
-0.020757
-0.020519
-0.020289
-0.020067
-0.019853
-0.019647
-0.019449
-0.019258
-0.019076
-0.018900
-0.018732
-0.018571
-0.018417
-0.018270
-0.018129
-0.017995
-0.017868
-0.017747
-0.017632
-0.017523
-0.017420
-0.017322
-0.017230
-0.017144
-0.017062
-0.016986
-0.016914
-0.016847
-0.016784
-0.016726
-0.016672
-0.016623
-0.016577
-0.016534
-0.016495
-0.016460
-0.016428
-0.016399
-0.016373
-0.016349
-0.016328
-0.016310
-0.016294
-0.016280
-0.016268
-0.016258
-0.016250
-0.016243
-0.016238
-0.016234
-0.016232
-0.016230
-0.016230
-0.016230
-0.016231
-0.016233
-0.016236
-0.016239
-0.016242
-0.016245
-0.016249
-0.016253
-0.016257
-0.016261
-0.016265
-0.016269
-0.016272
-0.016275
-0.016278
-0.016281
-0.016283
-0.016285
-0.016287
-0.016288
-0.016289
-0.016289
-0.016286
-0.016277
-0.016262
-0.016241
-0.016214
-0.016181
-0.016143
-0.016099
-0.016049
-0.015993
-0.015932
-0.015866
-0.015794
-0.015717
-0.015635
-0.015548
-0.015457
-0.015361
-0.015260
-0.015155
-0.015046
-0.014934
-0.014817
-0.014697
-0.014574
-0.014448
-0.014319
-0.014187
-0.014053
-0.013916
-0.013778
-0.013638
-0.013496
-0.013354
-0.013210
-0.013066
-0.012921
-0.012776
-0.012630
-0.012486
-0.012341
-0.012198
-0.012055
-0.011914
-0.011774
-0.011636
-0.011500
-0.011367
-0.011236
-0.011107
-0.010982
-0.010859
-0.010740
-0.010625
-0.010514
-0.010406
-0.010303
-0.010204
-0.010110
-0.010021
-0.009937
-0.009858
-0.009784
-0.009716
-0.009653
-0.009596
-0.009545
-0.009500
-0.009461
-0.009428
-0.009402
-0.009382
-0.009368
-0.009361
-0.009361
-0.009367
-0.009380
-0.009400
-0.009427
-0.009460
-0.009500
-0.009547
-0.009601
-0.009662
-0.009729
-0.009803
-0.009884
-0.009971
-0.010065
-0.010166
-0.010273
-0.010386
-0.010505
-0.010631
-0.010763
-0.010901
-0.011044
-0.011193
-0.011348
-0.011508
-0.011663
-0.011800
-0.011921
-0.012025
-0.012113
-0.012186
-0.012242
-0.012284
-0.012310
-0.012322
-0.012319
-0.012302
-0.012272
-0.012229
-0.012172
-0.012104
-0.012023
-0.011930
-0.011827
-0.011712
-0.011587
-0.011452
-0.011307
-0.011153
-0.010991
-0.010820
-0.010641
-0.010454
-0.010261
-0.010061
-0.009854
-0.009642
-0.009425
-0.009202
-0.008975
-0.008743
-0.008508
-0.008269
-0.008028
-0.007783
-0.007537
-0.007288
-0.007038
-0.006787
-0.006535
-0.006282
-0.006029
-0.005776
-0.005524
-0.005272
-0.005021
-0.004772
-0.004524
-0.004278
-0.004034
-0.003793
-0.003554
-0.003317
-0.003084
-0.002855
-0.002628
-0.002405
-0.002187
-0.001972
-0.001761
-0.001555
-0.001353
-0.001156
-0.000964
-0.000777
-0.000595
-0.000418
-0.000246
-0.000080
0.000080
0.000235
0.000385
0.000528
0.000666
0.000797
0.000923
0.001043
0.001156
0.001263
0.001364
0.001458
0.001547
0.001629
0.001704
0.001773
0.001835
0.001891
0.001941
0.001984
0.002020
0.002050
0.002073
0.002089
0.002099
