-0.057353
-0.057353
-0.057353
-0.057354
-0.057354
-0.057354
-0.057355
-0.057355
-0.057356
-0.057357
-0.057357
-0.057358
-0.057359
-0.057360
-0.057361
-0.057362
-0.057363
-0.057364
-0.057366
-0.057367
-0.057368
-0.057370
-0.057372
-0.057373
-0.057375
-0.057377
-0.057379
-0.057381
-0.057383
-0.057385
-0.057387
-0.057389
-0.057391
-0.057393
-0.057395
-0.057397
-0.057398
-0.057400
-0.057402
-0.057403
-0.057404
-0.057405
-0.057406
-0.057407
-0.057408
-0.057409
-0.057410
-0.057411
-0.057413
-0.057414
-0.057415
-0.057417
-0.057419
-0.057421
-0.057424
-0.057426
-0.057429
-0.057431
-0.057433
-0.057435
-0.057437
-0.057439
-0.057440
-0.057442
-0.057446
-0.057450
-0.057454
-0.057459
-0.057464
-0.057469
-0.057474
-0.057479
-0.057485
-0.057492
-0.057498
-0.057502
-0.057506
-0.057510
-0.057512
-0.057513
-0.057513
-0.057513
-0.057513
-0.057510
-0.057506
-0.057503
-0.057501
-0.057500
-0.057499
-0.057497
-0.057494
-0.057492
-0.057489
-0.057486
-0.057484
-0.057483
-0.057483
-0.057484
-0.057486
-0.057487
-0.057490
-0.057493
-0.057496
-0.057499
-0.057502
-0.057506
-0.057511
-0.057517
-0.057521
-0.057524
-0.057527
-0.057529
-0.057532
-0.057538
-0.057544
-0.057550
-0.057556
-0.057563
-0.057571
-0.057578
-0.057585
-0.057593
-0.057603
-0.057613
-0.057622
-0.057630
-0.057639
-0.057651
-0.057666
-0.057681
-0.057697
-0.057710
-0.057720
-0.057736
-0.057753
-0.057771
-0.057787
-0.057803
-0.057819
-0.057832
-0.057841
-0.057850
-0.057857
-0.057863
-0.057864
-0.057863
-0.057858
-0.057851
-0.057843
-0.057836
-0.057832
-0.057826
-0.057814
-0.057801
-0.057787
-0.057772
-0.057757
-0.057744
-0.057737
-0.057734
-0.057729
-0.057724
-0.057719
-0.057712
-0.057709
-0.057708
-0.057706
-0.057702
-0.057700
-0.057698
-0.057688
-0.057671
-0.057656
-0.057644
-0.057634
-0.057627
-0.057622
-0.057622
-0.057622
-0.057619
-0.057613
-0.057609
-0.057606
-0.057598
-0.057590
-0.057586
-0.057581
-0.057573
-0.057562
-0.057551
-0.057535
-0.057510
-0.057490
-0.057477
-0.057467
-0.057459
-0.057452
-0.057442
-0.057433
-0.057427
-0.057426
-0.057426
-0.057425
-0.057429
-0.057431
-0.057426
-0.057422
-0.057422
-0.057419
-0.057416
-0.057422
-0.057435
-0.057448
-0.057455
-0.057464
-0.057477
-0.057490
-0.057493
-0.057491
-0.057490
-0.057494
-0.057498
-0.057499
-0.057499
-0.057500
-0.057496
-0.057481
-0.057454
-0.057427
-0.057406
-0.057386
-0.057369
-0.057356
-0.057351
-0.057343
-0.057322
-0.057298
-0.057275
-0.057255
-0.057228
-0.057200
-0.057177
-0.057155
-0.057131
-0.057105
-0.057076
-0.057047
-0.057025
-0.057007
-0.056988
-0.056967
-0.056946
-0.056925
-0.056899
-0.056867
-0.056835
-0.056808
-0.056786
-0.056757
-0.056722
-0.056683
-0.056644
-0.056604
-0.056566
-0.056547
-0.056545
-0.056551
-0.056569
-0.056590
-0.056605
-0.056628
-0.056657
-0.056684
-0.056705
-0.056719
-0.056717
-0.056708
-0.056703
-0.056700
-0.056693
-0.056682
-0.056667
-0.056648
-0.056623
-0.056602
-0.056590
-0.056581
-0.056571
-0.056554
-0.056518
-0.056467
-0.056408
-0.056328
-0.056238
-0.056162
-0.056107
-0.056067
-0.056031
-0.056012
-0.056012
-0.056007
-0.055999
-0.055997
-0.055996
-0.055999
-0.056008
-0.056015
-0.056018
-0.056025
-0.056026
-0.056016
-0.055999
-0.055987
-0.055989
-0.055990
-0.055996
-0.056016
-0.056051
-0.056088
-0.056117
-0.056138
-0.056149
-0.056146
-0.056135
-0.056122
-0.056109
-0.056088
-0.056052
-0.056011
-0.055961
-0.055897
-0.055839
-0.055798
-0.055769
-0.055751
-0.055739
-0.055730
-0.055707
-0.055660
-0.055607
-0.055556
-0.055511
-0.055472
-0.055434
-0.055392
-0.055346
-0.055289
-0.055217
-0.055133
-0.055052
-0.054991
-0.054946
-0.054904
-0.054871
-0.054845
-0.054816
-0.054787
-0.054760
-0.054729
-0.054700
-0.054671
-0.054632
-0.054588
-0.054543
-0.054496
-0.054457
-0.054439
-0.054439
-0.054448
-0.054454
-0.054497
-0.054566
-0.054619
-0.054667
-0.054710
-0.054718
-0.054701
-0.054684
-0.054662
-0.054636
-0.054614
-0.054611
-0.054617
-0.054590
-0.054565
-0.054564
-0.054567
-0.054594
-0.054657
-0.054720
-0.054775
-0.054822
-0.054849
-0.054849
-0.054821
-0.054789
-0.054763
-0.054738
-0.054722
-0.054713
-0.054705
-0.054689
-0.054663
-0.054620
-0.054566
-0.054512
-0.054458
-0.054404
-0.054350
-0.054299
-0.054248
-0.054194
-0.054142
-0.054101
-0.054068
-0.054031
-0.053979
-0.053933
-0.053902
-0.053880
-0.053844
-0.053790
-0.053732
-0.053677
-0.053623
-0.053562
-0.053498
-0.053443
-0.053404
-0.053355
-0.053263
-0.053161
-0.053057
-0.052924
-0.052789
-0.052678
-0.052584
-0.052488
-0.052376
-0.052260
-0.052129
-0.051971
-0.051814
-0.051687
-0.051612
-0.051552
-0.051499
-0.051466
-0.051443
-0.051432
-0.051450
-0.051515
-0.051625
-0.051744
-0.051880
-0.052051
-0.052180
-0.052248
-0.052323
-0.052399
-0.052457
-0.052482
-0.052475
-0.052448
-0.052439
-0.052439
-0.052429
-0.052405
-0.052371
-0.052329
-0.052253
-0.052155
-0.052073
-0.051984
-0.051876
-0.051770
-0.051655
-0.051518
-0.051367
-0.051218
-0.051078
-0.050947
-0.050830
-0.050728
-0.050629
-0.050517
-0.050384
-0.050259
-0.050164
-0.050075
-0.050009
-0.049985
-0.049988
-0.049990
-0.049968
-0.049945
-0.049926
-0.049900
-0.049870
-0.049843
-0.049817
-0.049809
-0.049819
-0.049813
-0.049804
-0.049839
-0.049903
-0.049956
-0.049953
-0.049946
-0.049969
-0.049977
-0.049994
-0.050051
-0.050151
-0.050250
-0.050309
-0.050380
-0.050473
-0.050569
-0.050648
-0.050717
-0.050801
-0.050935
-0.051105
-0.051260
-0.051409
-0.051577
-0.051753
-0.051901
-0.051998
-0.052087
-0.052207
-0.052373
-0.052571
-0.052784
-0.053014
-0.053241
-0.053449
-0.053623
-0.053762
-0.053872
-0.053957
-0.054032
-0.054116
-0.054189
-0.054258
-0.054347
-0.054452
-0.054552
-0.054626
-0.054748
-0.054969
-0.055216
-0.055460
-0.055714
-0.055931
-0.056097
-0.056250
-0.056403
-0.056550
-0.056655
-0.056762
-0.056904
-0.057021
-0.057133
-0.057279
-0.057486
-0.057726
-0.057954
-0.058167
-0.058369
-0.058560
-0.058695
-0.058783
-0.058888
-0.058996
-0.059062
-0.059091
-0.059098
-0.059105
-0.059122
-0.059148
-0.059161
-0.059171
-0.059202
-0.059285
-0.059384
-0.059463
-0.059549
-0.059618
-0.059641
-0.059646
-0.059635
-0.059597
-0.059516
-0.059406
-0.059298
-0.059176
-0.059060
-0.059015
-0.058988
-0.058911
-0.058807
-0.058695
-0.058579
-0.058454
-0.058312
-0.058153
-0.058003
-0.057863
-0.057681
-0.057457
-0.057215
-0.057044
-0.056894
-0.056693
-0.056465
-0.056209
-0.055912
-0.055542
-0.055137
-0.054777
-0.054456
-0.054154
-0.053876
-0.053611
-0.053352
-0.053092
-0.052814
-0.052501
-0.052161
-0.051827
-0.051547
-0.051280
-0.051002
-0.050744
-0.050487
-0.050210
-0.049892
-0.049552
-0.049215
-0.048866
-0.048548
-0.048319
-0.048114
-0.047907
-0.047712
-0.047594
-0.047534
-0.047431
-0.047333
-0.047310
-0.047302
-0.047280
-0.047254
-0.047221
-0.047182
-0.047142
-0.047091
-0.047007
-0.046849
-0.046673
-0.046516
-0.046292
-0.046044
-0.045839
-0.045668
-0.045519
-0.045383
-0.045246
-0.045099
-0.044933
-0.044751
-0.044560
-0.044368
-0.044220
-0.044130
-0.044031
-0.043918
-0.043831
-0.043726
-0.043572
-0.043374
-0.043202
-0.043082
-0.042920
-0.042727
-0.042539
-0.042424
-0.042380
-0.042378
-0.042367
-0.042351
-0.042354
-0.042351
-0.042335
-0.042323
-0.042316
-0.042308
-0.042294
-0.042253
-0.042163
-0.042022
-0.041878
-0.041790
-0.041752
-0.041750
-0.041766
-0.041764
-0.041735
-0.041736
-0.041743
-0.041723
-0.041668
-0.041616
-0.041597
-0.041511
-0.041376
-0.041250
-0.041116
-0.040966
-0.040823
-0.040745
-0.040740
-0.040757
-0.040801
-0.040849
-0.040796
-0.040641
-0.040485
-0.040364
-0.040235
-0.040001
-0.039806
-0.039738
-0.039689
-0.039667
-0.039701
-0.039837
-0.039986
-0.040047
-0.040091
-0.040107
-0.040054
-0.040003
-0.040006
-0.040072
-0.040148
-0.040190
-0.040197
-0.040192
-0.040201
-0.040228
-0.040254
-0.040248
-0.040219
-0.040204
-0.040257
-0.040318
-0.040363
-0.040477
-0.040619
-0.040732
-0.040774
-0.040797
-0.040859
-0.040887
-0.040932
-0.041082
-0.041234
-0.041351
-0.041464
-0.041595
-0.041738
-0.041869
-0.042033
-0.042287
-0.042626
-0.043029
-0.043454
-0.043844
-0.044199
-0.044583
-0.044932
-0.045202
-0.045419
-0.045591
-0.045721
-0.045785
-0.045787
-0.045749
-0.045727
-0.045742
-0.045792
-0.045862
-0.045930
-0.045966
-0.045998
-0.046034
-0.046044
-0.046079
-0.046186
-0.046322
-0.046458
-0.046587
-0.046678
-0.046748
-0.046881
-0.047079
-0.047319
-0.047550
-0.047784
-0.048024
-0.048200
-0.048365
-0.048594
-0.048849
-0.049136
-0.049475
-0.049820
-0.050132
-0.050394
-0.050626
-0.050873
-0.051173
-0.051453
-0.051665
-0.051900
-0.052160
-0.052383
-0.052631
-0.052937
-0.053260
-0.053546
-0.053794
-0.054126
-0.054493
-0.054830
-0.055108
-0.055334
-0.055523
-0.055675
-0.055803
-0.055926
-0.056100
-0.056344
-0.056641
-0.056932
-0.057177
-0.057373
-0.057534
-0.057688
-0.057870
-0.058082
-0.058282
-0.058428
-0.058527
-0.058626
-0.058663
-0.058613
-0.058558
-0.058585
-0.058716
-0.058727
-0.058680
-0.058692
-0.058775
-0.058907
-0.059064
-0.059302
-0.059584
-0.059816
-0.060021
-0.060225
-0.060405
-0.060599
-0.060828
-0.061044
-0.061206
-0.061315
-0.061411
-0.061474
-0.061439
-0.061435
-0.061524
-0.061577
-0.061602
-0.061637
-0.061748
-0.061887
-0.061994
-0.062131
-0.062272
-0.062362
-0.062455
-0.062557
-0.062631
-0.062681
-0.062716
-0.062727
-0.062699
-0.062636
-0.062574
-0.062534
-0.062507
-0.062463
-0.062368
-0.062206
-0.062000
-0.061758
-0.061439
-0.061121
-0.060884
-0.060747
-0.060649
-0.060530
-0.060494
-0.060487
-0.060406
-0.060356
-0.060366
-0.060390
-0.060425
-0.060444
-0.060383
-0.060260
-0.060146
-0.060090
-0.060023
-0.059856
-0.059737
-0.059704
-0.059613
-0.059517
-0.059462
-0.059441
-0.059424
-0.059386
-0.059344
-0.059287
-0.059201
-0.059095
-0.058983
-0.058882
-0.058860
-0.058900
-0.058933
-0.058985
-0.059069
-0.059159
-0.059196
-0.059152
-0.059074
-0.058999
-0.058938
-0.058892
-0.058813
-0.058619
-0.058387
-0.058194
-0.058058
-0.058032
-0.058145
-0.058353
-0.058544
-0.058622
-0.058689
-0.058761
-0.058808
-0.058828
-0.058856
-0.058933
-0.059046
-0.059133
-0.059119
-0.059107
-0.059198
-0.059322
-0.059410
-0.059444
-0.059471
-0.059499
-0.059494
-0.059524
-0.059614
-0.059670
-0.059671
-0.059626
-0.059597
-0.059552
-0.059457
-0.059389
-0.059371
-0.059386
-0.059341
-0.059226
-0.059094
-0.058989
-0.058927
-0.058908
-0.058918
-0.058919
-0.058848
-0.058705
-0.058548
-0.058394
-0.058227
-0.058006
-0.057810
-0.057670
-0.057483
-0.057293
-0.057148
-0.057037
-0.056984
-0.057009
-0.057016
-0.056994
-0.056973
-0.057020
-0.057112
-0.057181
-0.057264
-0.057370
-0.057440
-0.057434
-0.057383
-0.057378
-0.057450
-0.057560
-0.057709
-0.057907
-0.058154
-0.058368
-0.058507
-0.058654
-0.058784
-0.058886
-0.059079
-0.059298
-0.059456
-0.059640
-0.059844
-0.060021
-0.060109
-0.060179
-0.060366
-0.060560
-0.060711
-0.060919
-0.061195
-0.061476
-0.061709
-0.061908
-0.062115
-0.062259
-0.062333
-0.062414
-0.062448
-0.062414
-0.062393
-0.062445
-0.062563
-0.062488
-0.062321
-0.062219
-0.062104
-0.062002
-0.061979
-0.062034
-0.062118
-0.062170
-0.062230
-0.062316
-0.062392
-0.062513
-0.062742
-0.063053
-0.063435
-0.063860
-0.064206
-0.064466
-0.064789
-0.065135
-0.065446
-0.065676
-0.065833
-0.065944
-0.066036
-0.066116
-0.066194
-0.066245
-0.066337
-0.066554
-0.066770
-0.066942
-0.067109
-0.067338
-0.067587
-0.067724
-0.067797
-0.067912
-0.068055
-0.068152
-0.068159
-0.068194
-0.068319
-0.068469
-0.068637
-0.068829
-0.069066
-0.069356
-0.069694
-0.070026
-0.070358
-0.070706
-0.071118
-0.071528
-0.071845
-0.072203
-0.072629
-0.073054
-0.073465
-0.073863
-0.074233
-0.074558
-0.074864
-0.075232
-0.075622
-0.075955
-0.076392
-0.076918
-0.077277
-0.077570
-0.077925
-0.078417
-0.078973
-0.079534
-0.080245
-0.080975
-0.081551
-0.081994
-0.082405
-0.082890
-0.083409
-0.083970
-0.084613
-0.085312
-0.085947
-0.086375
-0.086627
-0.086840
-0.087104
-0.087400
-0.087654
-0.087967
-0.088392
-0.088867
-0.089341
-0.089794
-0.090292
-0.090831
-0.091397
-0.091979
-0.092586
-0.093219
-0.093885
-0.094493
-0.094949
-0.095523
-0.096203
-0.096773
-0.097335
-0.097938
-0.098454
-0.098831
-0.099083
-0.099217
-0.099191
-0.098985
-0.098752
-0.098464
-0.097901
-0.097359
-0.097043
-0.096791
-0.096647
-0.096647
-0.096683
-0.096594
-0.096262
-0.095896
-0.095605
-0.095411
-0.095078
-0.094656
-0.094377
-0.094241
-0.094204
-0.094286
-0.094529
-0.094867
-0.095091
-0.095124
-0.095065
-0.094968
-0.094811
-0.094497
-0.094115
-0.093712
-0.093178
-0.092463
-0.091610
-0.091004
-0.090565
-0.090121
-0.089734
-0.089354
-0.088889
-0.088282
-0.087571
-0.086842
-0.086229
-0.085660
-0.084899
-0.084019
-0.083178
-0.082315
-0.081277
-0.080028
-0.078937
-0.078146
-0.077421
-0.076774
-0.076220
-0.075737
-0.075092
-0.074138
-0.073195
-0.072342
-0.071569
-0.070739
-0.069825
-0.068871
-0.068127
-0.067568
-0.067002
-0.066486
-0.066016
-0.065444
-0.064860
-0.064390
-0.063968
-0.063528
-0.063042
-0.062531
-0.061928
-0.061093
-0.060215
-0.059451
-0.058756
-0.058196
-0.057786
-0.057294
-0.056640
-0.055818
-0.054945
-0.054180
-0.053634
-0.053022
-0.052367
-0.051894
-0.051546
-0.051156
-0.050603
-0.050315
-0.050546
-0.050802
-0.050979
-0.051283
-0.051475
-0.051438
-0.051293
-0.051184
-0.051192
-0.051211
-0.051380
-0.051740
-0.051817
-0.051710
-0.051632
-0.051448
-0.051348
-0.051598
-0.051970
-0.052324
-0.052649
-0.053050
-0.053472
-0.053702
-0.053838
-0.054037
-0.054194
-0.054233
-0.054157
-0.054004
-0.053818
-0.053599
-0.053312
-0.052940
-0.052528
-0.052221
-0.052046
-0.051533
-0.050882
-0.050410
-0.050027
-0.049674
-0.049336
-0.049200
-0.049251
-0.049329
-0.049296
-0.049167
-0.049060
-0.048962
-0.048855
-0.048842
-0.048942
-0.049022
-0.048870
-0.048546
-0.048379
-0.047999
-0.047214
-0.046408
-0.045610
-0.044746
-0.043588
-0.042409
-0.041536
-0.040753
-0.040098
-0.039699
-0.039469
-0.039279
-0.039019
-0.038831
-0.038668
-0.038256
-0.037845
-0.037757
-0.037842
-0.037939
-0.037963
-0.037943
-0.038052
-0.038511
-0.038984
-0.039246
-0.039486
-0.039616
-0.039492
-0.038912
-0.038276
-0.038011
-0.037715
-0.037362
-0.037102
-0.036896
-0.036604
-0.036091
-0.035369
-0.034606
-0.034004
-0.033367
-0.032506
-0.031637
-0.030864
-0.030131
-0.029390
-0.028641
-0.027967
-0.027378
-0.026856
-0.026351
-0.025943
-0.025664
-0.025231
-0.024546
-0.023621
-0.022819
-0.022100
-0.021275
-0.020445
-0.019654
-0.018864
-0.018137
-0.017610
-0.017415
-0.017377
-0.017258
-0.017052
-0.016839
-0.016706
-0.016569
-0.016318
-0.015895
-0.015465
-0.015125
-0.014748
-0.014446
-0.014389
-0.014870
-0.015692
-0.016585
-0.017736
-0.018954
-0.019943
-0.020873
-0.021889
-0.023022
-0.023812
-0.024208
-0.024669
-0.025076
-0.025227
-0.025424
-0.025896
-0.026612
-0.027308
-0.027916
-0.028651
-0.029336
-0.029774
-0.029895
-0.029943
-0.030132
-0.030332
-0.030590
-0.030975
-0.031549
-0.032025
-0.032087
-0.032406
-0.033008
-0.033433
-0.033879
-0.034446
-0.034900
-0.035248
-0.035636
-0.036117
-0.036682
-0.037271
-0.037885
-0.038492
-0.039012
-0.039462
-0.039808
-0.039913
-0.040094
-0.040562
-0.040862
-0.041204
-0.041910
-0.042946
-0.044093
-0.045133
-0.046531
-0.048159
-0.049488
-0.050650
-0.051799
-0.052828
-0.053492
-0.053792
-0.054142
-0.054596
-0.054947
-0.055436
-0.056155
-0.056882
-0.057425
-0.057785
-0.058382
-0.059270
-0.060346
-0.061183
-0.061801
-0.062301
-0.062658
-0.062893
-0.063044
-0.063078
-0.063135
-0.063418
-0.063653
-0.063698
-0.063711
-0.063821
-0.064017
-0.064182
-0.064361
-0.064684
-0.065044
-0.065416
-0.065889
-0.066388
-0.066893
-0.067527
-0.068268
-0.069092
-0.070082
-0.071222
-0.072439
-0.073575
-0.074605
-0.075562
-0.076387
-0.077161
-0.078043
-0.078904
-0.079612
-0.080166
-0.080765
-0.081539
-0.082346
-0.083242
-0.084333
-0.085337
-0.086132
-0.086862
-0.087475
-0.087910
-0.088130
-0.088287
-0.088489
-0.088550
-0.088547
-0.088615
-0.088738
-0.088983
-0.089432
-0.090110
-0.090836
-0.091342
-0.091701
-0.092046
-0.092414
-0.092592
-0.092513
-0.092517
-0.092744
-0.093022
-0.093133
-0.093087
-0.093192
-0.093301
-0.093241
-0.092947
-0.092586
-0.092332
-0.092216
-0.092229
-0.092345
-0.092560
-0.092714
-0.092639
-0.092483
-0.092334
-0.092196
-0.091960
-0.091656
-0.091455
-0.091258
-0.090938
-0.090614
-0.090382
-0.090286
-0.090355
-0.090528
-0.090623
-0.090582
-0.090445
-0.090416
-0.090451
-0.090459
-0.090361
-0.090248
-0.090205
-0.090064
-0.089860
-0.089716
-0.089849
-0.090202
-0.090560
-0.090928
-0.091249
-0.091345
-0.091338
-0.091398
-0.091482
-0.091575
-0.091710
-0.091918
-0.092098
-0.092021
-0.091861
-0.091802
-0.091906
-0.092226
-0.092757
-0.093358
-0.093872
-0.094187
-0.094479
-0.094811
-0.095171
-0.095416
-0.095573
-0.095769
-0.095932
-0.096010
-0.096053
-0.096136
-0.096293
-0.096475
-0.096543
-0.096402
-0.096220
-0.096098
-0.096023
-0.096116
-0.096412
-0.096738
-0.096928
-0.096921
-0.097020
-0.097200
-0.097368
-0.097550
-0.097701
-0.097765
-0.097800
-0.097854
-0.097947
-0.098044
-0.098169
-0.098407
-0.098736
-0.099043
-0.099226
-0.099364
-0.099575
-0.099616
-0.099465
-0.099416
-0.099357
-0.099198
-0.099002
-0.098772
-0.098486
-0.098043
-0.097585
-0.097260
-0.096785
-0.096349
-0.096268
-0.096149
-0.095839
-0.095451
-0.095259
-0.095313
-0.095423
-0.095526
-0.095645
-0.095761
-0.095813
-0.095811
-0.095968
-0.096302
-0.096586
-0.096970
-0.097523
-0.098061
-0.098516
-0.098885
-0.099344
-0.099735
-0.099879
-0.099981
-0.099995
-0.099793
-0.099565
-0.099372
-0.099157
-0.098933
-0.098738
-0.098598
-0.098377
-0.098001
-0.097620
-0.097270
-0.096884
-0.096508
-0.096206
-0.096039
-0.095931
-0.095798
-0.095609
-0.095416
-0.095280
-0.095227
-0.095271
-0.095441
-0.095865
-0.096368
-0.096692
-0.096900
-0.097021
-0.097020
-0.096805
-0.096447
-0.096146
-0.095996
-0.095970
-0.096015
-0.096110
-0.096262
-0.096423
-0.096493
-0.096378
-0.096269
-0.096241
-0.096028
-0.095642
-0.095168
-0.094818
-0.094541
-0.094234
-0.093891
-0.093496
-0.093042
-0.092659
-0.092333
-0.091967
-0.091747
-0.091690
-0.091584
-0.091311
-0.090838
-0.090142
-0.089269
-0.088353
-0.087543
-0.086830
-0.085994
-0.085098
-0.084240
-0.083525
-0.082997
-0.082658
-0.082438
-0.082269
-0.082098
-0.081998
-0.081930
-0.081816
-0.081691
-0.081649
-0.081778
-0.081841
-0.081727
-0.081560
-0.081497
-0.081603
-0.081819
-0.082054
-0.082225
-0.082314
-0.082292
-0.082135
-0.081951
-0.081825
-0.081712
-0.081598
-0.081477
-0.081365
-0.081165
-0.080800
-0.080430
-0.080120
-0.079868
-0.079583
-0.079296
-0.079108
-0.078987
-0.078900
-0.078867
-0.078825
-0.078688
-0.078439
-0.078049
-0.077543
-0.077091
-0.076724
-0.076286
-0.075879
-0.075590
-0.075410
-0.075222
-0.074955
-0.074781
-0.074615
-0.074335
-0.074038
-0.073663
-0.073106
-0.072516
-0.071934
-0.071308
-0.070677
-0.070076
-0.069496
-0.068933
-0.068407
-0.067949
-0.067496
-0.066961
-0.066448
-0.066016
-0.065638
-0.065287
-0.064952
-0.064639
-0.064237
-0.063666
-0.063024
-0.062362
-0.061709
-0.060968
-0.060240
-0.059669
-0.058963
-0.058078
-0.057175
-0.056279
-0.055439
-0.054770
-0.054147
-0.053422
-0.052648
-0.051855
-0.051058
-0.050306
-0.049641
-0.049094
-0.048675
-0.048402
-0.048316
-0.048264
-0.048146
-0.048153
-0.048207
-0.048178
-0.048042
-0.047853
-0.047686
-0.047594
-0.047564
-0.047557
-0.047647
-0.047803
-0.047883
-0.047975
-0.048197
-0.048474
-0.048771
-0.049099
-0.049454
-0.049783
-0.050002
-0.050194
-0.050401
-0.050530
-0.050616
-0.050695
-0.050756
-0.050812
-0.050890
-0.051024
-0.051216
-0.051450
-0.051702
-0.051936
-0.052110
-0.052263
-0.052403
-0.052486
-0.052561
-0.052673
-0.052772
-0.052814
-0.052804
-0.052818
-0.052879
-0.052951
-0.053105
-0.053366
-0.053653
-0.053943
-0.054219
-0.054448
-0.054649
-0.054849
-0.055054
-0.055242
-0.055390
-0.055534
-0.055649
-0.055681
-0.055649
-0.055615
-0.055640
-0.055691
-0.055749
-0.055887
-0.056108
-0.056348
-0.056575
-0.056816
-0.057137
-0.057433
-0.057645
-0.057852
-0.058012
-0.058082
-0.058071
-0.058038
-0.058037
-0.058004
-0.057967
-0.057974
-0.057975
-0.057950
-0.057905
-0.057848
-0.057788
-0.057735
-0.057667
-0.057569
-0.057454
-0.057341
-0.057234
-0.057118
-0.057007
-0.056943
-0.056883
-0.056807
-0.056756
-0.056703
-0.056627
-0.056547
-0.056475
-0.056413
-0.056334
-0.056247
-0.056173
-0.056112
-0.056057
-0.056001
-0.055966
-0.055955
-0.055952
-0.055943
-0.055924
-0.055897
-0.055865
-0.055833
-0.055815
-0.055806
-0.055786
-0.055772
-0.055771
-0.055766
-0.055757
-0.055749
-0.055756
-0.055770
-0.055781
-0.055788
-0.055791
-0.055792
-0.055784
-0.055770
-0.055757
-0.055749
-0.055745
