-0.057353
-0.057353
-0.057354
-0.057355
-0.057356
-0.057358
-0.057360
-0.057363
-0.057366
-0.057369
-0.057373
-0.057377
-0.057381
-0.057386
-0.057391
-0.057396
-0.057401
-0.057407
-0.057413
-0.057419
-0.057425
-0.057431
-0.057438
-0.057444
-0.057451
-0.057458
-0.057464
-0.057471
-0.057478
-0.057484
-0.057491
-0.057498
-0.057504
-0.057510
-0.057517
-0.057523
-0.057529
-0.057535
-0.057540
-0.057546
-0.057551
-0.057556
-0.057561
-0.057565
-0.057570
-0.057574
-0.057578
-0.057581
-0.057585
-0.057588
-0.057591
-0.057594
-0.057598
-0.057601
-0.057605
-0.057609
-0.057613
-0.057618
-0.057623
-0.057629
-0.057635
-0.057642
-0.057650
-0.057658
-0.057667
-0.057677
-0.057687
-0.057699
-0.057711
-0.057724
-0.057737
-0.057752
-0.057767
-0.057784
-0.057801
-0.057819
-0.057838
-0.057857
-0.057878
-0.057899
-0.057920
-0.057943
-0.057965
-0.057989
-0.058013
-0.058037
-0.058061
-0.058086
-0.058111
-0.058136
-0.058161
-0.058186
-0.058211
-0.058236
-0.058260
-0.058284
-0.058308
-0.058331
-0.058353
-0.058375
-0.058396
-0.058418
-0.058443
-0.058473
-0.058506
-0.058543
-0.058584
-0.058630
-0.058679
-0.058734
-0.058792
-0.058855
-0.058923
-0.058994
-0.059071
-0.059151
-0.059236
-0.059325
-0.059418
-0.059514
-0.059615
-0.059718
-0.059825
-0.059935
-0.060047
-0.060161
-0.060278
-0.060395
-0.060514
-0.060634
-0.060754
-0.060874
-0.060994
-0.061112
-0.061229
-0.061344
-0.061456
-0.061566
-0.061672
-0.061774
-0.061872
-0.061964
-0.062051
-0.062133
-0.062208
-0.062276
-0.062336
-0.062389
-0.062434
-0.062471
-0.062499
-0.062521
-0.062541
-0.062560
-0.062577
-0.062592
-0.062605
-0.062616
-0.062625
-0.062633
-0.062638
-0.062643
-0.062645
-0.062647
-0.062646
-0.062645
-0.062642
-0.062638
-0.062633
-0.062627
-0.062620
-0.062613
-0.062605
-0.062597
-0.062588
-0.062580
-0.062572
-0.062564
-0.062556
-0.062550
-0.062544
-0.062539
-0.062535
-0.062533
-0.062532
-0.062534
-0.062537
-0.062542
-0.062550
-0.062561
-0.062574
-0.062591
-0.062610
-0.062633
-0.062660
-0.062690
-0.062724
-0.062762
-0.062805
-0.062852
-0.062903
-0.062957
-0.063012
-0.063067
-0.063123
-0.063179
-0.063236
-0.063293
-0.063351
-0.063409
-0.063468
-0.063527
-0.063586
-0.063646
-0.063705
-0.063764
-0.063823
-0.063882
-0.063940
-0.063998
-0.064055
-0.064112
-0.064167
-0.064221
-0.064273
-0.064325
-0.064374
-0.064422
-0.064467
-0.064511
-0.064552
-0.064590
-0.064626
-0.064659
-0.064688
-0.064714
-0.064737
-0.064756
-0.064772
-0.064783
-0.064791
-0.064794
-0.064793
-0.064787
-0.064777
-0.064763
-0.064743
-0.064719
-0.064690
-0.064656
-0.064617
-0.064579
-0.064548
-0.064524
-0.064506
-0.064496
-0.064494
-0.064498
-0.064511
-0.064531
-0.064558
-0.064594
-0.064636
-0.064686
-0.064744
-0.064808
-0.064880
-0.064958
-0.065042
-0.065133
-0.065230
-0.065332
-0.065439
-0.065551
-0.065668
-0.065789
-0.065913
-0.066040
-0.066170
-0.066301
-0.066435
-0.066570
-0.066705
-0.066840
-0.066975
-0.067109
-0.067242
-0.067373
-0.067502
-0.067627
-0.067750
-0.067869
-0.067983
-0.068093
-0.068199
-0.068299
-0.068393
-0.068482
-0.068564
-0.068641
-0.068711
-0.068782
-0.068863
-0.068954
-0.069056
-0.069167
-0.069288
-0.069419
-0.069559
-0.069709
-0.069869
-0.070037
-0.070213
-0.070398
-0.070590
-0.070789
-0.070995
-0.071207
-0.071424
-0.071645
-0.071871
-0.072099
-0.072329
-0.072561
-0.072794
-0.073026
-0.073257
-0.073485
-0.073710
-0.073932
-0.074148
-0.074358
-0.074561
-0.074756
-0.074943
-0.075119
-0.075285
-0.075439
-0.075581
-0.075710
-0.075825
-0.075925
-0.076009
-0.076078
-0.076130
-0.076164
-0.076181
-0.076180
-0.076161
-0.076122
-0.076065
-0.076006
-0.075961
-0.075933
-0.075920
-0.075923
-0.075942
-0.075978
-0.076029
-0.076097
-0.076180
-0.076279
-0.076394
-0.076524
-0.076668
-0.076827
-0.076999
-0.077184
-0.077382
-0.077591
-0.077812
-0.078043
-0.078283
-0.078532
-0.078788
-0.079051
-0.079320
-0.079594
-0.079871
-0.080151
-0.080433
-0.080716
-0.080998
-0.081279
-0.081558
-0.081833
-0.082104
-0.082369
-0.082628
-0.082880
-0.083124
-0.083359
-0.083584
-0.083799
-0.084003
-0.084195
-0.084375
-0.084542
-0.084696
-0.084836
-0.084962
-0.085051
-0.085079
-0.085045
-0.084950
-0.084792
-0.084574
-0.084295
-0.083957
-0.083561
-0.083107
-0.082599
-0.082038
-0.081427
-0.080768
-0.080063
-0.079316
-0.078531
-0.077710
-0.076857
-0.075976
-0.075071
-0.074147
-0.073207
-0.072256
-0.071299
-0.070339
-0.069383
-0.068433
-0.067497
-0.066577
-0.065679
-0.064807
-0.063967
-0.063162
-0.062398
-0.061678
-0.061007
-0.060389
-0.059829
-0.059329
-0.058894
-0.058526
-0.058229
-0.058006
-0.057860
-0.057792
-0.057805
-0.057901
-0.058080
-0.058344
-0.058603
-0.058762
-0.058822
-0.058782
-0.058641
-0.058401
-0.058063
-0.057626
-0.057094
-0.056467
-0.055749
-0.054942
-0.054049
-0.053075
-0.052022
-0.050895
-0.049698
-0.048437
-0.047116
-0.045741
-0.044317
-0.042851
-0.041348
-0.039814
-0.038256
-0.036681
-0.035094
-0.033504
-0.031915
-0.030336
-0.028772
-0.027231
-0.025718
-0.024242
-0.022807
-0.021420
-0.020087
-0.018814
-0.017607
-0.016471
-0.015411
-0.014432
-0.013537
-0.012733
-0.012021
-0.011406
-0.010890
-0.010476
-0.010166
-0.009962
-0.009861
-0.009861
-0.009962
-0.010164
-0.010466
-0.010868
-0.011369
-0.011967
-0.012660
-0.013446
-0.014323
-0.015287
-0.016336
-0.017465
-0.018672
-0.019950
-0.021297
-0.022707
-0.024175
-0.025696
-0.027265
-0.028875
-0.030521
-0.032197
-0.033896
-0.035613
-0.037342
-0.039074
-0.040806
-0.042529
-0.044238
-0.045925
-0.047586
-0.049214
-0.050801
-0.052344
-0.053835
-0.055270
-0.056643
-0.057948
-0.059182
-0.060339
-0.061415
-0.062405
-0.063308
-0.064118
-0.064834
-0.065452
-0.065971
-0.066389
-0.066787
-0.067251
-0.067779
-0.068372
-0.069028
-0.069746
-0.070526
-0.071365
-0.072263
-0.073216
-0.074223
-0.075282
-0.076389
-0.077542
-0.078738
-0.079973
-0.081244
-0.082547
-0.083878
-0.085234
-0.086611
-0.088003
-0.089407
-0.090819
-0.092233
-0.093646
-0.095053
-0.096449
-0.097830
-0.099190
-0.100527
-0.101834
-0.103109
-0.104345
-0.105540
-0.106688
-0.107787
-0.108832
-0.109820
-0.110746
-0.111609
-0.112404
-0.113129
-0.113781
-0.114359
-0.114859
-0.115280
-0.115621
-0.115879
-0.116055
-0.116108
-0.115999
-0.115727
-0.115293
-0.114699
-0.113944
-0.113032
-0.111965
-0.110747
-0.109381
-0.107872
-0.106224
-0.104443
-0.102536
-0.100507
-0.098365
-0.096116
-0.093769
-0.091330
-0.088809
-0.086214
-0.083555
-0.080840
-0.078079
-0.075281
-0.072457
-0.069615
-0.066767
-0.063921
-0.061087
-0.058277
-0.055498
-0.052762
-0.050077
-0.047452
-0.044897
-0.042420
-0.040030
-0.037735
-0.035542
-0.033458
-0.031492
-0.029648
-0.027933
-0.026352
-0.024910
-0.023611
-0.022459
-0.021458
-0.020609
-0.019805
-0.018937
-0.018006
-0.017013
-0.015958
-0.014844
-0.013673
-0.012446
-0.011164
-0.009832
-0.008452
-0.007025
-0.005556
-0.004048
-0.002504
-0.000928
0.000677
0.002306
0.003955
0.005620
0.007297
0.008981
0.010667
0.012352
0.014030
0.015697
0.017348
0.018979
0.020584
0.022159
0.023700
0.025201
0.026659
0.028070
0.029428
0.030730
0.031973
0.033151
0.034263
0.035303
0.036269
0.037159
0.037969
0.038697
0.039341
0.039898
0.040367
0.040747
0.041036
0.041233
0.041373
0.041487
0.041576
0.041641
0.041681
0.041696
0.041688
0.041657
0.041602
0.041526
0.041428
0.041310
0.041172
0.041015
0.040841
0.040650
0.040444
0.040224
0.039992
0.039748
0.039493
0.039231
0.038961
0.038686
0.038407
0.038125
0.037842
0.037560
0.037280
0.037004
0.036733
0.036469
0.036212
0.035966
0.035730
0.035507
0.035298
0.035104
0.034925
0.034765
0.034622
0.034499
0.034396
0.034315
0.034255
0.034218
0.034203
0.034213
0.034246
0.034304
0.034320
0.034227
0.034025
0.033716
0.033300
0.032779
0.032155
0.031430
0.030608
0.029691
0.028682
0.027587
0.026408
0.025152
0.023822
0.022425
0.020965
0.019448
0.017881
0.016270
0.014621
0.012941
0.011237
0.009515
0.007783
0.006048
0.004316
0.002596
0.000893
-0.000785
-0.002432
-0.004039
-0.005602
-0.007113
-0.008565
-0.009953
-0.011271
-0.012514
-0.013675
-0.014751
-0.015735
-0.016625
-0.017416
-0.018103
-0.018686
-0.019159
-0.019521
-0.019771
-0.019906
-0.019926
-0.019996
-0.020281
-0.020782
-0.021497
-0.022424
-0.023560
-0.024902
-0.026445
-0.028184
-0.030114
-0.032227
-0.034518
-0.036978
-0.039599
-0.042372
-0.045287
-0.048335
-0.051505
-0.054785
-0.058166
-0.061635
-0.065181
-0.068790
-0.072451
-0.076152
-0.079879
-0.083620
-0.087362
-0.091092
-0.094798
-0.098468
-0.102088
-0.105647
-0.109133
-0.112534
-0.115840
-0.119040
-0.122122
-0.125078
-0.127899
-0.130575
-0.133098
-0.135461
-0.137656
-0.139679
-0.141522
-0.143182
-0.144655
-0.145936
-0.147024
-0.148032
-0.149072
-0.150145
-0.151249
-0.152382
-0.153544
-0.154732
-0.155945
-0.157181
-0.158439
-0.159715
-0.161009
-0.162317
-0.163638
-0.164969
-0.166307
-0.167650
-0.168996
-0.170341
-0.171683
-0.173019
-0.174347
-0.175663
-0.176964
-0.178249
-0.179513
-0.180755
-0.181971
-0.183158
-0.184315
-0.185437
-0.186523
-0.187571
-0.188576
-0.189538
-0.190454
-0.191321
-0.192138
-0.192903
-0.193613
-0.194267
-0.194864
-0.195402
-0.195880
-0.196296
-0.196650
-0.196941
-0.197167
-0.197330
-0.197428
-0.197425
-0.197285
-0.197010
-0.196600
-0.196058
-0.195385
-0.194586
-0.193662
-0.192619
-0.191460
-0.190191
-0.188818
-0.187346
-0.185782
-0.184133
-0.182406
-0.180608
-0.178748
-0.176833
-0.174873
-0.172875
-0.170849
-0.168804
-0.166748
-0.164691
-0.162643
-0.160612
-0.158608
-0.156640
-0.154717
-0.152848
-0.151041
-0.149305
-0.147648
-0.146079
-0.144605
-0.143232
-0.141969
-0.140821
-0.139795
-0.138896
-0.138129
-0.137498
-0.137009
-0.136663
-0.136465
-0.136417
-0.136519
-0.136775
-0.137183
-0.137606
-0.137906
-0.138083
-0.138138
-0.138072
-0.137886
-0.137582
-0.137164
-0.136634
-0.135995
-0.135251
-0.134407
-0.133468
-0.132437
-0.131321
-0.130126
-0.128856
-0.127519
-0.126121
-0.124669
-0.123169
-0.121628
-0.120055
-0.118456
-0.116838
-0.115209
-0.113576
-0.111947
-0.110330
-0.108730
-0.107157
-0.105616
-0.104115
-0.102660
-0.101258
-0.099915
-0.098637
-0.097429
-0.096297
-0.095247
-0.094282
-0.093407
-0.092625
-0.091941
-0.091357
-0.090875
-0.090498
-0.090228
-0.090065
-0.090011
-0.089976
-0.089872
-0.089699
-0.089458
-0.089150
-0.088777
-0.088341
-0.087844
-0.087289
-0.086679
-0.086017
-0.085308
-0.084554
-0.083760
-0.082930
-0.082070
-0.081183
-0.080276
-0.079354
-0.078422
-0.077485
-0.076550
-0.075623
-0.074709
-0.073814
-0.072946
-0.072109
-0.071310
-0.070555
-0.069850
-0.069201
-0.068614
-0.068095
-0.067649
-0.067281
-0.066998
-0.066804
-0.066703
-0.066701
-0.066802
-0.067009
-0.067326
-0.067757
-0.068304
-0.068971
-0.069758
-0.070669
-0.071705
-0.072866
-0.074153
-0.075446
-0.076625
-0.077687
-0.078632
-0.079459
-0.080168
-0.080759
-0.081234
-0.081592
-0.081837
-0.081969
-0.081991
-0.081907
-0.081720
-0.081432
-0.081049
-0.080575
-0.080014
-0.079371
-0.078653
-0.077864
-0.077010
-0.076098
-0.075134
-0.074125
-0.073076
-0.071996
-0.070891
-0.069768
-0.068634
-0.067496
-0.066362
-0.065238
-0.064131
-0.063048
-0.061997
-0.060982
-0.060011
-0.059091
-0.058226
-0.057422
-0.056685
-0.056019
-0.055430
-0.054921
-0.054496
-0.054159
-0.053912
-0.053758
-0.053700
-0.053767
-0.053991
-0.054373
-0.054914
-0.055614
-0.056473
-0.057489
-0.058661
-0.059987
-0.061464
-0.063089
-0.064858
-0.066767
-0.068811
-0.070985
-0.073283
-0.075699
-0.078226
-0.080856
-0.083583
-0.086398
-0.089293
-0.092259
-0.095288
-0.098369
-0.101495
-0.104654
-0.107838
-0.111036
-0.114238
-0.117435
-0.120616
-0.123771
-0.126890
-0.129963
-0.132981
-0.135934
-0.138813
-0.141609
-0.144312
-0.146915
-0.149409
-0.151787
-0.154041
-0.156165
-0.158153
-0.159998
-0.161697
-0.163243
-0.164633
-0.166003
-0.167492
-0.169100
-0.170826
-0.172670
-0.174629
-0.176703
-0.178889
-0.181184
-0.183584
-0.186087
-0.188689
-0.191383
-0.194167
-0.197033
-0.199978
-0.202993
-0.206073
-0.209212
-0.212401
-0.215633
-0.218902
-0.222198
-0.225514
-0.228841
-0.232170
-0.235494
-0.238803
-0.242089
-0.245343
-0.248555
-0.251718
-0.254822
-0.257860
-0.260821
-0.263699
-0.266485
-0.269171
-0.271750
-0.274214
-0.276556
-0.278770
-0.280850
-0.282789
-0.284583
-0.286226
-0.287714
-0.289043
-0.290210
-0.291212
-0.291857
-0.291951
-0.291492
-0.290477
-0.288906
-0.286782
-0.284109
-0.280892
-0.277140
-0.272863
-0.268072
-0.262781
-0.257006
-0.250763
-0.244071
-0.236952
-0.229427
-0.221520
-0.213255
-0.204660
-0.195762
-0.186589
-0.177171
-0.167540
-0.157725
-0.147761
-0.137678
-0.127510
-0.117292
-0.107055
-0.096834
-0.086662
-0.076573
-0.066600
-0.056775
-0.047129
-0.037695
-0.028502
-0.019579
-0.010956
-0.002658
0.005289
0.012860
0.020033
0.026787
0.033102
0.038960
0.044347
0.049247
0.053650
0.057877
0.062254
0.066778
0.071444
0.076248
0.081185
0.086247
0.091430
0.096726
0.102127
0.107625
0.113212
0.118879
0.124616
0.130413
0.136259
0.142145
0.148058
0.153988
0.159922
0.165850
0.171757
0.177633
0.183464
0.189237
0.194941
0.200563
0.206089
0.211507
0.216805
0.221969
0.226989
0.231851
0.236544
0.241057
0.245378
0.249497
0.253404
0.257088
0.260540
0.263752
0.266716
0.269422
0.271865
0.274038
0.275936
0.277552
0.278884
0.279926
0.280677
0.281200
0.281561
0.281761
0.281800
0.281681
0.281408
0.280984
0.280414
0.279705
0.278863
0.277895
0.276811
0.275620
0.274331
0.272955
0.271504
0.269989
0.268424
0.266820
0.265192
0.263553
0.261917
0.260300
0.258715
0.257178
0.255703
0.254306
0.253000
0.251802
0.250724
0.249783
0.248991
0.248362
0.247909
0.247645
0.247582
0.247730
0.248102
0.248706
0.249552
0.250648
0.252001
0.253617
0.255503
0.257662
0.260099
0.262814
0.265810
0.269086
0.272641
0.276350
0.280082
0.283836
0.287607
0.291391
0.295184
0.298982
0.302781
0.306577
0.310364
0.314140
0.317899
0.321637
0.325349
0.329030
0.332676
0.336282
0.339844
0.343356
0.346814
0.350213
0.353549
0.356817
0.360012
0.363130
0.366166
0.369116
0.371976
0.374741
0.377408
0.379971
0.382428
0.384775
0.387008
0.389124
0.391119
0.392991
0.394736
0.396352
0.397836
0.399186
0.400400
0.401475
0.402411
0.403205
0.403856
0.404364
0.404728
0.404946
0.405019
0.404830
0.404266
0.403328
0.402019
0.400344
0.398308
0.395921
0.393188
0.390122
0.386731
0.383029
0.379028
0.374742
0.370187
0.365379
0.360334
0.355070
0.349606
0.343961
0.338153
0.332204
0.326134
0.319964
0.313715
0.307409
0.301066
0.294708
0.288357
0.282034
0.275760
0.269555
0.263440
0.257435
0.251559
0.245831
0.240268
0.234888
0.229708
0.224743
0.220007
0.215514
0.211276
0.207306
0.203613
0.200208
0.197096
0.194287
0.191784
0.189593
0.187716
0.185691
0.183056
0.179817
0.175984
0.171567
0.166579
0.161037
0.154957
0.148360
0.141268
0.133706
0.125698
0.117273
0.108460
0.099290
0.089796
0.080011
0.069971
0.059711
0.049268
0.038680
0.027986
0.017223
0.006431
-0.004350
-0.015082
-0.025725
-0.036241
-0.046592
-0.056739
-0.066647
-0.076278
-0.085598
-0.094573
-0.103171
-0.111360
-0.119111
-0.126397
-0.133190
-0.139468
-0.145207
-0.150388
-0.154992
-0.159004
-0.162410
-0.165199
-0.167362
-0.168892
-0.169785
-0.170040
-0.170086
-0.170352
-0.170837
-0.171538
-0.172452
-0.173576
-0.174905
-0.176435
-0.178160
-0.180073
-0.182170
-0.184441
-0.186880
-0.189479
-0.192229
-0.195121
-0.198146
-0.201294
-0.204555
-0.207919
-0.211376
-0.214914
-0.218524
-0.222194
-0.225913
-0.229670
-0.233455
-0.237255
-0.241061
-0.244862
-0.248646
-0.252404
-0.256124
-0.259799
-0.263416
-0.266968
-0.270445
-0.273839
-0.277142
-0.280345
-0.283441
-0.286425
-0.289288
-0.292027
-0.294635
-0.297107
-0.299440
-0.301631
-0.303675
-0.305571
-0.307230
-0.308567
-0.309581
-0.310274
-0.310652
-0.310718
-0.310478
-0.309939
-0.309110
-0.308000
-0.306618
-0.304976
-0.303086
-0.300961
-0.298616
-0.296063
-0.293319
-0.290399
-0.287319
-0.284097
-0.280749
-0.277293
-0.273747
-0.270128
-0.266454
-0.262744
-0.259015
-0.255286
-0.251572
-0.247893
-0.244265
-0.240704
-0.237226
-0.233848
-0.230583
-0.227446
-0.224450
-0.221609
-0.218934
-0.216435
-0.214123
-0.212008
-0.210096
-0.208396
-0.206913
-0.205652
-0.204618
-0.203812
-0.203237
-0.202893
-0.202616
-0.202245
-0.201779
-0.201222
-0.200576
-0.199843
-0.199028
-0.198134
-0.197166
-0.196130
-0.195031
-0.193874
-0.192666
-0.191415
-0.190127
-0.188809
-0.187469
-0.186116
-0.184757
-0.183401
-0.182055
-0.180730
-0.179432
-0.178171
-0.176955
-0.175793
-0.174693
-0.173663
-0.172712
-0.171847
-0.171075
-0.170405
-0.169843
-0.169395
-0.169068
-0.168868
-0.168800
-0.168869
-0.169079
-0.169434
-0.169939
-0.170594
-0.171404
-0.172368
-0.173489
-0.174767
-0.176202
-0.177793
-0.179539
-0.181437
-0.183367
-0.185206
-0.186953
-0.188608
-0.190170
-0.191639
-0.193014
-0.194297
-0.195487
-0.196586
-0.197596
-0.198517
-0.199351
-0.200100
-0.200767
-0.201355
-0.201865
-0.202300
-0.202664
-0.202960
-0.203191
-0.203361
-0.203472
-0.203529
-0.203536
-0.203495
-0.203411
-0.203287
-0.203128
-0.202936
-0.202716
-0.202470
-0.202203
-0.201918
-0.201619
-0.201307
-0.200987
-0.200661
-0.200332
-0.200002
-0.199674
-0.199350
-0.199032
-0.198721
-0.198420
-0.198128
-0.197848
-0.197581
-0.197326
-0.197084
-0.196817
-0.196490
-0.196102
-0.195654
-0.195146
-0.194581
-0.193959
-0.193282
-0.192550
-0.191767
-0.190934
-0.190052
-0.189124
-0.188152
-0.187139
-0.186087
-0.184999
-0.183876
-0.182723
-0.181542
-0.180336
-0.179107
-0.177859
-0.176595
-0.175317
-0.174030
-0.172735
-0.171436
-0.170136
-0.168838
-0.167545
-0.166260
-0.164985
-0.163724
-0.162479
-0.161252
-0.160046
-0.158864
-0.157709
-0.156581
-0.155483
-0.154417
-0.153385
-0.152388
-0.151429
-0.150508
-0.149626
-0.148785
-0.147986
-0.147229
-0.146474
-0.145681
-0.144850
-0.143983
-0.143080
-0.142144
-0.141176
-0.140177
-0.139149
-0.138095
-0.137016
-0.135914
-0.134793
-0.133654
-0.132499
-0.131333
-0.130156
-0.128972
-0.127784
-0.126594
-0.125406
-0.124223
-0.123046
-0.121881
-0.120728
-0.119593
-0.118476
-0.117382
-0.116313
-0.115272
-0.114262
-0.113285
-0.112345
-0.111444
-0.110584
-0.109767
-0.108997
-0.108274
-0.107602
-0.106982
-0.106415
-0.105903
-0.105449
-0.105052
-0.104714
-0.104437
-0.104220
-0.104065
-0.103971
-0.103940
-0.103848
-0.103570
-0.103108
-0.102462
-0.101635
-0.100629
-0.099446
-0.098089
-0.096561
-0.094867
-0.093010
-0.090996
-0.088829
-0.086515
-0.084060
-0.081469
-0.078749
-0.075907
-0.072948
-0.069882
-0.066714
-0.063452
-0.060105
-0.056679
-0.053183
-0.049624
-0.046010
-0.042350
-0.038652
-0.034923
-0.031171
-0.027405
-0.023632
-0.019859
-0.016095
-0.012346
-0.008619
-0.004922
-0.001261
0.002357
0.005926
0.009441
0.012896
0.016285
0.019603
0.022846
0.026009
0.029089
0.032082
0.034983
0.037676
0.040042
0.042084
0.043803
0.045204
0.046291
0.047071
0.047552
0.047741
0.047648
0.047283
0.046659
0.045786
0.044679
0.043350
0.041815
0.040087
0.038183
0.036119
0.033910
0.031574
0.029126
0.026583
0.023963
0.021281
0.018555
0.015801
0.013035
0.010273
0.007530
0.004820
0.002159
-0.000439
-0.002963
-0.005399
-0.007736
-0.009963
-0.012069
-0.014047
-0.015886
-0.017581
-0.019124
-0.020510
-0.021735
-0.022795
-0.023687
-0.024410
-0.024962
-0.025346
-0.025561
-0.025765
-0.026116
-0.026608
-0.027238
-0.028001
-0.028893
-0.029909
-0.031041
-0.032283
-0.033630
-0.035072
-0.036603
-0.038215
-0.039899
-0.041646
-0.043449
-0.045299
-0.047186
-0.049101
-0.051035
-0.052980
-0.054926
-0.056864
-0.058785
-0.060682
-0.062544
-0.064364
-0.066134
-0.067846
-0.069493
-0.071067
-0.072562
-0.073972
-0.075289
-0.076510
-0.077628
-0.078639
-0.079539
-0.080323
-0.080990
-0.081535
-0.081957
-0.082254
-0.082425
-0.082468
-0.082384
-0.082173
-0.081835
-0.081372
-0.080785
-0.080031
-0.079069
-0.077902
-0.076537
-0.074980
-0.073237
-0.071315
-0.069223
-0.066969
-0.064562
-0.062011
-0.059327
-0.056519
-0.053598
-0.050576
-0.047462
-0.044269
-0.041008
-0.037691
-0.034329
-0.030936
-0.027521
-0.024098
-0.020678
-0.017274
-0.013896
-0.010556
-0.007265
-0.004035
-0.000876
0.002201
0.005187
0.008070
0.010843
0.013495
0.016018
0.018404
0.020646
0.022735
0.024666
0.026432
0.028028
0.029447
0.030687
0.031743
0.032611
0.033290
0.033776
0.034068
