-0.057353
-0.057353
-0.057354
-0.057355
-0.057357
-0.057359
-0.057361
-0.057364
-0.057367
-0.057370
-0.057373
-0.057377
-0.057382
-0.057386
-0.057391
-0.057397
-0.057403
-0.057409
-0.057416
-0.057422
-0.057430
-0.057437
-0.057446
-0.057455
-0.057464
-0.057472
-0.057481
-0.057491
-0.057502
-0.057512
-0.057524
-0.057534
-0.057545
-0.057554
-0.057562
-0.057571
-0.057579
-0.057588
-0.057597
-0.057604
-0.057610
-0.057613
-0.057617
-0.057620
-0.057625
-0.057631
-0.057637
-0.057643
-0.057650
-0.057657
-0.057664
-0.057671
-0.057681
-0.057693
-0.057706
-0.057719
-0.057730
-0.057740
-0.057750
-0.057761
-0.057772
-0.057781
-0.057789
-0.057800
-0.057815
-0.057835
-0.057858
-0.057882
-0.057907
-0.057934
-0.057959
-0.057985
-0.058013
-0.058046
-0.058076
-0.058098
-0.058116
-0.058135
-0.058149
-0.058152
-0.058151
-0.058150
-0.058150
-0.058138
-0.058119
-0.058102
-0.058091
-0.058086
-0.058081
-0.058072
-0.058059
-0.058045
-0.058030
-0.058016
-0.058006
-0.058000
-0.058000
-0.058007
-0.058016
-0.058025
-0.058035
-0.058050
-0.058067
-0.058082
-0.058096
-0.058117
-0.058144
-0.058172
-0.058192
-0.058208
-0.058222
-0.058231
-0.058246
-0.058275
-0.058305
-0.058335
-0.058367
-0.058404
-0.058443
-0.058479
-0.058514
-0.058554
-0.058601
-0.058651
-0.058697
-0.058735
-0.058780
-0.058845
-0.058917
-0.058993
-0.059071
-0.059135
-0.059189
-0.059266
-0.059355
-0.059440
-0.059521
-0.059601
-0.059684
-0.059746
-0.059792
-0.059835
-0.059874
-0.059901
-0.059910
-0.059901
-0.059878
-0.059842
-0.059802
-0.059767
-0.059746
-0.059716
-0.059659
-0.059591
-0.059521
-0.059447
-0.059371
-0.059305
-0.059274
-0.059255
-0.059230
-0.059209
-0.059183
-0.059148
-0.059134
-0.059128
-0.059116
-0.059099
-0.059085
-0.059076
-0.059026
-0.058942
-0.058866
-0.058807
-0.058759
-0.058720
-0.058698
-0.058695
-0.058695
-0.058681
-0.058652
-0.058631
-0.058618
-0.058579
-0.058539
-0.058516
-0.058490
-0.058452
-0.058396
-0.058342
-0.058263
-0.058138
-0.058039
-0.057974
-0.057923
-0.057883
-0.057847
-0.057800
-0.057753
-0.057724
-0.057717
-0.057715
-0.057713
-0.057730
-0.057743
-0.057716
-0.057697
-0.057699
-0.057680
-0.057669
-0.057696
-0.057760
-0.057825
-0.057860
-0.057908
-0.057970
-0.058036
-0.058053
-0.058040
-0.058040
-0.058057
-0.058076
-0.058080
-0.058082
-0.058085
-0.058067
-0.057992
-0.057857
-0.057723
-0.057615
-0.057518
-0.057430
-0.057367
-0.057345
-0.057302
-0.057199
-0.057077
-0.056961
-0.056861
-0.056728
-0.056587
-0.056475
-0.056364
-0.056244
-0.056112
-0.055965
-0.055822
-0.055713
-0.055623
-0.055529
-0.055424
-0.055318
-0.055213
-0.055083
-0.054923
-0.054761
-0.054627
-0.054515
-0.054371
-0.054195
-0.054000
-0.053805
-0.053607
-0.053415
-0.053321
-0.053310
-0.053343
-0.053431
-0.053538
-0.053614
-0.053726
-0.053874
-0.054006
-0.054115
-0.054183
-0.054173
-0.054128
-0.054103
-0.054085
-0.054054
-0.053996
-0.053921
-0.053827
-0.053704
-0.053599
-0.053539
-0.053493
-0.053441
-0.053358
-0.053177
-0.052922
-0.052628
-0.052226
-0.051779
-0.051397
-0.051123
-0.050924
-0.050742
-0.050650
-0.050647
-0.050624
-0.050584
-0.050572
-0.050568
-0.050580
-0.050626
-0.050661
-0.050677
-0.050710
-0.050717
-0.050667
-0.050580
-0.050521
-0.050533
-0.050537
-0.050565
-0.050669
-0.050841
-0.051029
-0.051174
-0.051279
-0.051335
-0.051320
-0.051263
-0.051196
-0.051134
-0.051027
-0.050847
-0.050640
-0.050393
-0.050072
-0.049781
-0.049577
-0.049434
-0.049342
-0.049284
-0.049239
-0.049124
-0.048887
-0.048621
-0.048365
-0.048143
-0.047948
-0.047757
-0.047548
-0.047315
-0.047033
-0.046672
-0.046251
-0.045845
-0.045544
-0.045316
-0.045105
-0.044943
-0.044813
-0.044668
-0.044525
-0.044386
-0.044233
-0.044087
-0.043945
-0.043748
-0.043525
-0.043303
-0.043068
-0.042874
-0.042781
-0.042784
-0.042827
-0.042857
-0.043071
-0.043419
-0.043681
-0.043921
-0.044138
-0.044176
-0.044094
-0.044009
-0.043898
-0.043765
-0.043656
-0.043644
-0.043670
-0.043539
-0.043414
-0.043407
-0.043420
-0.043555
-0.043874
-0.044186
-0.044461
-0.044696
-0.044834
-0.044834
-0.044692
-0.044532
-0.044401
-0.044277
-0.044195
-0.044154
-0.044110
-0.044033
-0.043901
-0.043687
-0.043417
-0.043150
-0.042879
-0.042605
-0.042337
-0.042080
-0.041828
-0.041555
-0.041297
-0.041091
-0.040929
-0.040744
-0.040481
-0.040253
-0.040095
-0.039988
-0.039805
-0.039535
-0.039247
-0.038974
-0.038701
-0.038397
-0.038079
-0.037805
-0.037610
-0.037363
-0.036903
-0.036392
-0.035873
-0.035206
-0.034533
-0.033976
-0.033507
-0.033028
-0.032466
-0.031888
-0.031231
-0.030441
-0.029655
-0.029023
-0.028647
-0.028349
-0.028082
-0.027916
-0.027804
-0.027749
-0.027835
-0.028162
-0.028713
-0.029308
-0.029987
-0.030840
-0.031487
-0.031826
-0.032204
-0.032580
-0.032873
-0.032997
-0.032962
-0.032829
-0.032784
-0.032782
-0.032732
-0.032615
-0.032443
-0.032233
-0.031852
-0.031365
-0.030951
-0.030505
-0.029967
-0.029435
-0.028862
-0.028175
-0.027425
-0.026676
-0.025976
-0.025324
-0.024735
-0.024228
-0.023733
-0.023171
-0.022507
-0.021882
-0.021407
-0.020962
-0.020630
-0.020510
-0.020525
-0.020538
-0.020426
-0.020312
-0.020219
-0.020087
-0.019938
-0.019801
-0.019671
-0.019632
-0.019681
-0.019650
-0.019609
-0.019784
-0.020103
-0.020369
-0.020350
-0.020316
-0.020432
-0.020471
-0.020559
-0.020843
-0.021342
-0.021838
-0.022131
-0.022489
-0.022950
-0.023433
-0.023826
-0.024173
-0.024594
-0.025261
-0.026111
-0.026888
-0.027630
-0.028473
-0.029350
-0.030090
-0.030577
-0.031023
-0.031623
-0.032454
-0.033441
-0.034508
-0.035655
-0.036792
-0.037834
-0.038701
-0.039395
-0.039947
-0.040371
-0.040750
-0.041168
-0.041533
-0.041879
-0.042323
-0.042847
-0.043346
-0.043716
-0.044328
-0.045434
-0.046666
-0.047888
-0.049158
-0.050242
-0.051071
-0.051838
-0.052601
-0.053336
-0.053862
-0.054397
-0.055105
-0.055692
-0.056252
-0.056981
-0.058017
-0.059219
-0.060358
-0.061420
-0.062430
-0.063386
-0.064064
-0.064503
-0.065028
-0.065567
-0.065897
-0.066041
-0.066079
-0.066111
-0.066200
-0.066326
-0.066390
-0.066443
-0.066595
-0.067014
-0.067508
-0.067902
-0.068330
-0.068675
-0.068791
-0.068816
-0.068760
-0.068573
-0.068169
-0.067617
-0.067076
-0.066466
-0.065889
-0.065660
-0.065528
-0.065143
-0.064624
-0.064063
-0.063482
-0.062858
-0.062149
-0.061354
-0.060601
-0.059901
-0.058993
-0.057871
-0.056663
-0.055809
-0.055059
-0.054051
-0.052911
-0.051633
-0.050147
-0.048296
-0.046275
-0.044472
-0.042866
-0.041358
-0.039965
-0.038644
-0.037346
-0.036048
-0.034659
-0.033092
-0.031390
-0.029723
-0.028322
-0.026990
-0.025598
-0.024305
-0.023022
-0.021638
-0.020049
-0.018347
-0.016664
-0.014915
-0.013326
-0.012180
-0.011156
-0.010120
-0.009147
-0.008559
-0.008258
-0.007742
-0.007251
-0.007135
-0.007097
-0.006988
-0.006860
-0.006694
-0.006499
-0.006298
-0.006043
-0.005622
-0.004834
-0.003952
-0.003168
-0.002047
-0.000806
0.000215
0.001072
0.001818
0.002497
0.003181
0.003919
0.004748
0.005658
0.006614
0.007575
0.008311
0.008763
0.009259
0.009820
0.010260
0.010781
0.011555
0.012544
0.013402
0.014003
0.014815
0.015780
0.016718
0.017291
0.017515
0.017522
0.017576
0.017658
0.017644
0.017659
0.017736
0.017796
0.017832
0.017873
0.017942
0.018147
0.018600
0.019300
0.020022
0.020461
0.020651
0.020661
0.020580
0.020592
0.020740
0.020735
0.020699
0.020797
0.021073
0.021331
0.021430
0.021856
0.022535
0.023163
0.023835
0.024581
0.025299
0.025689
0.025714
0.025628
0.025408
0.025168
0.025431
0.026207
0.026988
0.027595
0.028236
0.029408
0.030384
0.030723
0.030969
0.031078
0.030907
0.030227
0.029483
0.029178
0.028957
0.028878
0.029144
0.029396
0.029383
0.029051
0.028674
0.028465
0.028429
0.028451
0.028407
0.028273
0.028145
0.028171
0.028319
0.028393
0.028126
0.027821
0.027596
0.027026
0.026317
0.025751
0.025542
0.025428
0.025116
0.024978
0.024752
0.024001
0.023242
0.022658
0.022092
0.021435
0.020721
0.020065
0.019247
0.017979
0.016284
0.014267
0.012143
0.010195
0.008419
0.006499
0.004751
0.003402
0.002320
0.001460
0.000808
0.000486
0.000477
0.000667
0.000776
0.000701
0.000455
0.000101
-0.000239
-0.000416
-0.000576
-0.000759
-0.000807
-0.000981
-0.001519
-0.002196
-0.002878
-0.003522
-0.003975
-0.004327
-0.004992
-0.005981
-0.007182
-0.008339
-0.009506
-0.010709
-0.011587
-0.012413
-0.013556
-0.014832
-0.016269
-0.017964
-0.019688
-0.021249
-0.022556
-0.023717
-0.024951
-0.026453
-0.027852
-0.028910
-0.030088
-0.031385
-0.032501
-0.033743
-0.035274
-0.036889
-0.038315
-0.039556
-0.041216
-0.043054
-0.044738
-0.046126
-0.047258
-0.048203
-0.048962
-0.049601
-0.050218
-0.051089
-0.052305
-0.053791
-0.055247
-0.056470
-0.057451
-0.058255
-0.059026
-0.059937
-0.060998
-0.061999
-0.062729
-0.063220
-0.063716
-0.063903
-0.063652
-0.063375
-0.063511
-0.064166
-0.064223
-0.063986
-0.064047
-0.064460
-0.065123
-0.065908
-0.067096
-0.068509
-0.069666
-0.070690
-0.071712
-0.072614
-0.073581
-0.074730
-0.075807
-0.076616
-0.077164
-0.077642
-0.077958
-0.077784
-0.077760
-0.078209
-0.078471
-0.078595
-0.078772
-0.079329
-0.080022
-0.080555
-0.081240
-0.081946
-0.082395
-0.082862
-0.083373
-0.083743
-0.083994
-0.084166
-0.084222
-0.084084
-0.083769
-0.083456
-0.083256
-0.083123
-0.082901
-0.082428
-0.081615
-0.080587
-0.079378
-0.077781
-0.076191
-0.075008
-0.074325
-0.073832
-0.073237
-0.073057
-0.073023
-0.072616
-0.072365
-0.072420
-0.072535
-0.072712
-0.072807
-0.072503
-0.071888
-0.071316
-0.071035
-0.070702
-0.069865
-0.069273
-0.069106
-0.068653
-0.068170
-0.067899
-0.067794
-0.067707
-0.067518
-0.067237
-0.066238
-0.065116
-0.063911
-0.062695
-0.061558
-0.060836
-0.060441
-0.060037
-0.059742
-0.059633
-0.059572
-0.059256
-0.058546
-0.057673
-0.056821
-0.056044
-0.055348
-0.054500
-0.053080
-0.051475
-0.050070
-0.048962
-0.048406
-0.048555
-0.049185
-0.049741
-0.049733
-0.049683
-0.049665
-0.049525
-0.049262
-0.049050
-0.049087
-0.049316
-0.049422
-0.049037
-0.048667
-0.048823
-0.049154
-0.049318
-0.049223
-0.049099
-0.048997
-0.048739
-0.048666
-0.048906
-0.048989
-0.048810
-0.048412
-0.048111
-0.047741
-0.047133
-0.046675
-0.046477
-0.046462
-0.046157
-0.045519
-0.044813
-0.044251
-0.043921
-0.043817
-0.043878
-0.043907
-0.043600
-0.042951
-0.042248
-0.041584
-0.040870
-0.039905
-0.039088
-0.038569
-0.037834
-0.037104
-0.036624
-0.036325
-0.036342
-0.036758
-0.037108
-0.037331
-0.037581
-0.038180
-0.039019
-0.039765
-0.040599
-0.041557
-0.042358
-0.042807
-0.043050
-0.043540
-0.044418
-0.045495
-0.046776
-0.048307
-0.050088
-0.051716
-0.053002
-0.054335
-0.055594
-0.056736
-0.058322
-0.060039
-0.061475
-0.063039
-0.064706
-0.066253
-0.067390
-0.068455
-0.070068
-0.071715
-0.072770
-0.073669
-0.074870
-0.076087
-0.077077
-0.077904
-0.078760
-0.079324
-0.079572
-0.079846
-0.079910
-0.079673
-0.079490
-0.079630
-0.080054
-0.079638
-0.078821
-0.078291
-0.077710
-0.077186
-0.077002
-0.077149
-0.077416
-0.077546
-0.077702
-0.077967
-0.078186
-0.078586
-0.079427
-0.080591
-0.082031
-0.083626
-0.084891
-0.085797
-0.086939
-0.088162
-0.089237
-0.089976
-0.090425
-0.090687
-0.090870
-0.091006
-0.091128
-0.091144
-0.091318
-0.091955
-0.092576
-0.093029
-0.093457
-0.094105
-0.094815
-0.095109
-0.095168
-0.095376
-0.095675
-0.095811
-0.095619
-0.095530
-0.095752
-0.096057
-0.096422
-0.096862
-0.097445
-0.098203
-0.099112
-0.099991
-0.100853
-0.101760
-0.102865
-0.103946
-0.104709
-0.105595
-0.106687
-0.107760
-0.108776
-0.109735
-0.110592
-0.111293
-0.111925
-0.112740
-0.113609
-0.114293
-0.115279
-0.116521
-0.117246
-0.117759
-0.118449
-0.119533
-0.120787
-0.122039
-0.123707
-0.125407
-0.126643
-0.127480
-0.128215
-0.129147
-0.130161
-0.131272
-0.132597
-0.134054
-0.135316
-0.135998
-0.136194
-0.136282
-0.136501
-0.136798
-0.136978
-0.137308
-0.137920
-0.138652
-0.139368
-0.140021
-0.140775
-0.141620
-0.142518
-0.143445
-0.144417
-0.145439
-0.146526
-0.147455
-0.148003
-0.148826
-0.149886
-0.150670
-0.151425
-0.152260
-0.152881
-0.153173
-0.153168
-0.152893
-0.152255
-0.151216
-0.150124
-0.148921
-0.147123
-0.145389
-0.144166
-0.143098
-0.142272
-0.141762
-0.141333
-0.140642
-0.139444
-0.138188
-0.137100
-0.136222
-0.135068
-0.133744
-0.132724
-0.132004
-0.131490
-0.131219
-0.131268
-0.131504
-0.131510
-0.131142
-0.130599
-0.129986
-0.129265
-0.128248
-0.127115
-0.125954
-0.124558
-0.122839
-0.120883
-0.119405
-0.118246
-0.117092
-0.116052
-0.115036
-0.113879
-0.112481
-0.110912
-0.109329
-0.107964
-0.106692
-0.105100
-0.103321
-0.101627
-0.099912
-0.097920
-0.095593
-0.093555
-0.092041
-0.090651
-0.089404
-0.088323
-0.087370
-0.086162
-0.084468
-0.082810
-0.081312
-0.079958
-0.078527
-0.076979
-0.075385
-0.074132
-0.073181
-0.072227
-0.071359
-0.070571
-0.069637
-0.068692
-0.067929
-0.067245
-0.066541
-0.065777
-0.064982
-0.064061
-0.062810
-0.061509
-0.060385
-0.059370
-0.058559
-0.057970
-0.057269
-0.056347
-0.055197
-0.053987
-0.052938
-0.052202
-0.051382
-0.050511
-0.049896
-0.049456
-0.048963
-0.048256
-0.047909
-0.048259
-0.048640
-0.048912
-0.049349
-0.049635
-0.049620
-0.049464
-0.049356
-0.049400
-0.049457
-0.049706
-0.050196
-0.050324
-0.050217
-0.050147
-0.049945
-0.049849
-0.050190
-0.050679
-0.051142
-0.051565
-0.052079
-0.052614
-0.052911
-0.053093
-0.053349
-0.053552
-0.053614
-0.053536
-0.053368
-0.053161
-0.052917
-0.052594
-0.052173
-0.051709
-0.051370
-0.051188
-0.050613
-0.049884
-0.049365
-0.048952
-0.048575
-0.048218
-0.048091
-0.048178
-0.048293
-0.048283
-0.048166
-0.048072
-0.047990
-0.047898
-0.047911
-0.048048
-0.048162
-0.048019
-0.047688
-0.047532
-0.047142
-0.046314
-0.045467
-0.044632
-0.043730
-0.042514
-0.041283
-0.040384
-0.039585
-0.038926
-0.038542
-0.038339
-0.038179
-0.037945
-0.037787
-0.037656
-0.037261
-0.036870
-0.036817
-0.036945
-0.037085
-0.037147
-0.037163
-0.037311
-0.037821
-0.038344
-0.038645
-0.038923
-0.039086
-0.038985
-0.038417
-0.037793
-0.037549
-0.037273
-0.036939
-0.036700
-0.036515
-0.036244
-0.035747
-0.035039
-0.034289
-0.033703
-0.033082
-0.032235
-0.031380
-0.030623
-0.029907
-0.029182
-0.028449
-0.027792
-0.027220
-0.026715
-0.026226
-0.025834
-0.025570
-0.025151
-0.024478
-0.023565
-0.022773
-0.022064
-0.021248
-0.020426
-0.019642
-0.018857
-0.018134
-0.017609
-0.017415
-0.017377
-0.017259
-0.017054
-0.016842
-0.016711
-0.016577
-0.016329
-0.015909
-0.015483
-0.015147
-0.014774
-0.014477
-0.014426
-0.014913
-0.015741
-0.016639
-0.017794
-0.019018
-0.020012
-0.020948
-0.021970
-0.023107
-0.023903
-0.024306
-0.024774
-0.025188
-0.025347
-0.025553
-0.026032
-0.026754
-0.027457
-0.028071
-0.028812
-0.029502
-0.029948
-0.030078
-0.030136
-0.030334
-0.030544
-0.030810
-0.031202
-0.031783
-0.032266
-0.032338
-0.032666
-0.033273
-0.033705
-0.034157
-0.034729
-0.035188
-0.035543
-0.035937
-0.036424
-0.036992
-0.037583
-0.038199
-0.038807
-0.039330
-0.039782
-0.040133
-0.040246
-0.040435
-0.040904
-0.041209
-0.041555
-0.042255
-0.043279
-0.044408
-0.045432
-0.046804
-0.048397
-0.049697
-0.050834
-0.051955
-0.052958
-0.053607
-0.053901
-0.054242
-0.054684
-0.055027
-0.055501
-0.056196
-0.056899
-0.057423
-0.057769
-0.058343
-0.059195
-0.060227
-0.061028
-0.061616
-0.062090
-0.062428
-0.062647
-0.062785
-0.062813
-0.062861
-0.063125
-0.063343
-0.063379
-0.063385
-0.063483
-0.063661
-0.063810
-0.063972
-0.064269
-0.064601
-0.064943
-0.065378
-0.065838
-0.066301
-0.066884
-0.067566
-0.068324
-0.069234
-0.070282
-0.071399
-0.072437
-0.073374
-0.074241
-0.074983
-0.075675
-0.076466
-0.077234
-0.077860
-0.078341
-0.078862
-0.079542
-0.080250
-0.081037
-0.082000
-0.082881
-0.083567
-0.084192
-0.084710
-0.085063
-0.085220
-0.085320
-0.085459
-0.085471
-0.085424
-0.085441
-0.085507
-0.085681
-0.086037
-0.086596
-0.087194
-0.087596
-0.087865
-0.088120
-0.088393
-0.088497
-0.088374
-0.088324
-0.088470
-0.088659
-0.088702
-0.088605
-0.088641
-0.088679
-0.088570
-0.088257
-0.087888
-0.087611
-0.087454
-0.087409
-0.087452
-0.087578
-0.087653
-0.087529
-0.087337
-0.087152
-0.086975
-0.086716
-0.086400
-0.086171
-0.085947
-0.085619
-0.085288
-0.085036
-0.084898
-0.084898
-0.084985
-0.085005
-0.084911
-0.084738
-0.084655
-0.084625
-0.084571
-0.084432
-0.084279
-0.084183
-0.084009
-0.083782
-0.083606
-0.083654
-0.083878
-0.084106
-0.084339
-0.084533
-0.084547
-0.084477
-0.084461
-0.084462
-0.084471
-0.084512
-0.084610
-0.084685
-0.084559
-0.084366
-0.084253
-0.084267
-0.084449
-0.084792
-0.085187
-0.085513
-0.085684
-0.085835
-0.086016
-0.086217
-0.086328
-0.086372
-0.086444
-0.086490
-0.086472
-0.086427
-0.086412
-0.086452
-0.086509
-0.086481
-0.086297
-0.086084
-0.085915
-0.085782
-0.085772
-0.085910
-0.086068
-0.086126
-0.086041
-0.086032
-0.086081
-0.086120
-0.086169
-0.086195
-0.086158
-0.086101
-0.086057
-0.086040
-0.086025
-0.086030
-0.086113
-0.086259
-0.086389
-0.086431
-0.086441
-0.086501
-0.086443
-0.086253
-0.086133
-0.086008
-0.085815
-0.085597
-0.085356
-0.085080
-0.084699
-0.084310
-0.084011
-0.083615
-0.083246
-0.083114
-0.082957
-0.082675
-0.082344
-0.082142
-0.082102
-0.082098
-0.082089
-0.082091
-0.082090
-0.082048
-0.081972
-0.081996
-0.082134
-0.082238
-0.082405
-0.082677
-0.082938
-0.083145
-0.083297
-0.083503
-0.083667
-0.083676
-0.083658
-0.083587
-0.083384
-0.083166
-0.082970
-0.082762
-0.082550
-0.082356
-0.082196
-0.081989
-0.081691
-0.081391
-0.081111
-0.080812
-0.080520
-0.080274
-0.080108
-0.079978
-0.079835
-0.079659
-0.079482
-0.079340
-0.079246
-0.079209
-0.079245
-0.079426
-0.079652
-0.079774
-0.079830
-0.079836
-0.079774
-0.079592
-0.079330
-0.079102
-0.078960
-0.078888
-0.078856
-0.078853
-0.078881
-0.078915
-0.078898
-0.078780
-0.078667
-0.078599
-0.078431
-0.078170
-0.077862
-0.077624
-0.077427
-0.077215
-0.076985
-0.076728
-0.076442
-0.076195
-0.075980
-0.075746
-0.075589
-0.075521
-0.075428
-0.075247
-0.074962
-0.074562
-0.074072
-0.073561
-0.073108
-0.072707
-0.072245
-0.071753
-0.071284
-0.070890
-0.070595
-0.070400
-0.070265
-0.070159
-0.070052
-0.069982
-0.069929
-0.069853
-0.069772
-0.069735
-0.069785
-0.069802
-0.069729
-0.069630
-0.069585
-0.069626
-0.069722
-0.069829
-0.069904
-0.069937
-0.069916
-0.069826
-0.069725
-0.069652
-0.069588
-0.069523
-0.069455
-0.069392
-0.069287
-0.069098
-0.068909
-0.068749
-0.068620
-0.068474
-0.068328
-0.068233
-0.068171
-0.068127
-0.068110
-0.068089
-0.068021
-0.067897
-0.067702
-0.067449
-0.067223
-0.067040
-0.066822
-0.066618
-0.066475
-0.066385
-0.066292
-0.066159
-0.066072
-0.065990
-0.065851
-0.065703
-0.065516
-0.065239
-0.064944
-0.064654
-0.064341
-0.064026
-0.063726
-0.063437
-0.063156
-0.062893
-0.062664
-0.062438
-0.062171
-0.061914
-0.061699
-0.061510
-0.061335
-0.061168
-0.061012
-0.060811
-0.060525
-0.060203
-0.059871
-0.059543
-0.059171
-0.058806
-0.058518
-0.058163
-0.057718
-0.057264
-0.056812
-0.056388
-0.056051
-0.055736
-0.055369
-0.054978
-0.054577
-0.054173
-0.053791
-0.053453
-0.053175
-0.052960
-0.052820
-0.052775
-0.052746
-0.052683
-0.052684
-0.052710
-0.052692
-0.052620
-0.052521
-0.052433
-0.052384
-0.052365
-0.052358
-0.052401
-0.052477
-0.052515
-0.052558
-0.052668
-0.052807
-0.052955
-0.053120
-0.053299
-0.053464
-0.053574
-0.053669
-0.053772
-0.053835
-0.053876
-0.053914
-0.053942
-0.053968
-0.054004
-0.054070
-0.054166
-0.054284
-0.054412
-0.054530
-0.054617
-0.054694
-0.054764
-0.054804
-0.054840
-0.054895
-0.054943
-0.054962
-0.054953
-0.054956
-0.054985
-0.055019
-0.055097
-0.055232
-0.055381
-0.055532
-0.055676
-0.055796
-0.055901
-0.056005
-0.056113
-0.056212
-0.056289
-0.056365
-0.056425
-0.056440
-0.056420
-0.056399
-0.056410
-0.056436
-0.056465
-0.056539
-0.056660
-0.056791
-0.056917
-0.057051
-0.057231
-0.057398
-0.057519
-0.057638
-0.057731
-0.057773
-0.057768
-0.057751
-0.057752
-0.057735
-0.057715
-0.057721
-0.057724
-0.057710
-0.057685
-0.057653
-0.057618
-0.057587
-0.057547
-0.057487
-0.057416
-0.057345
-0.057278
-0.057203
-0.057130
-0.057087
-0.057045
-0.056992
-0.056955
-0.056916
-0.056860
-0.056800
-0.056744
-0.056695
-0.056632
-0.056562
-0.056499
-0.056444
-0.056392
-0.056339
-0.056300
-0.056278
-0.056261
-0.056240
-0.056210
-0.056173
-0.056130
-0.056087
-0.056055
-0.056029
-0.055994
-0.055963
-0.055944
-0.055921
-0.055895
-0.055870
-0.055860
-0.055857
-0.055853
-0.055845
-0.055835
-0.055825
-0.055808
-0.055786
-0.055766
-0.055753
-0.055746
