-0.061462
-0.061462
-0.061461
-0.061460
-0.061459
-0.061457
-0.061455
-0.061452
-0.061449
-0.061446
-0.061442
-0.061438
-0.061433
-0.061429
-0.061424
-0.061419
-0.061413
-0.061408
-0.061401
-0.061395
-0.061388
-0.061381
-0.061373
-0.061365
-0.061357
-0.061348
-0.061339
-0.061329
-0.061319
-0.061309
-0.061299
-0.061290
-0.061280
-0.061271
-0.061262
-0.061253
-0.061243
-0.061232
-0.061220
-0.061208
-0.061197
-0.061186
-0.061175
-0.061162
-0.061146
-0.061128
-0.061107
-0.061084
-0.061058
-0.061029
-0.061001
-0.060971
-0.060938
-0.060900
-0.060862
-0.060826
-0.060790
-0.060753
-0.060718
-0.060681
-0.060641
-0.060601
-0.060559
-0.060517
-0.060476
-0.060434
-0.060388
-0.060338
-0.060285
-0.060230
-0.060168
-0.060101
-0.060038
-0.059979
-0.059923
-0.059868
-0.059815
-0.059760
-0.059701
-0.059635
-0.059564
-0.059494
-0.059424
-0.059348
-0.059271
-0.059197
-0.059126
-0.059055
-0.058981
-0.058906
-0.058831
-0.058751
-0.058660
-0.058565
-0.058480
-0.058399
-0.058322
-0.058249
-0.058179
-0.058106
-0.058022
-0.057933
-0.057848
-0.057768
-0.057690
-0.057613
-0.057526
-0.057429
-0.057333
-0.057227
-0.057104
-0.056978
-0.056851
-0.056719
-0.056583
-0.056451
-0.056328
-0.056205
-0.056079
-0.055955
-0.055838
-0.055727
-0.055620
-0.055509
-0.055385
-0.055246
-0.055097
-0.054948
-0.054798
-0.054643
-0.054478
-0.054304
-0.054128
-0.053962
-0.053791
-0.053605
-0.053429
-0.053253
-0.053060
-0.052830
-0.052579
-0.052333
-0.052084
-0.051838
-0.051605
-0.051387
-0.051177
-0.050967
-0.050764
-0.050580
-0.050418
-0.050275
-0.050137
-0.049988
-0.049822
-0.049645
-0.049464
-0.049272
-0.049058
-0.048849
-0.048665
-0.048486
-0.048296
-0.048091
-0.047915
-0.047759
-0.047598
-0.047423
-0.047240
-0.047057
-0.046852
-0.046624
-0.046393
-0.046143
-0.045873
-0.045609
-0.045331
-0.045019
-0.044708
-0.044413
-0.044125
-0.043841
-0.043578
-0.043362
-0.043151
-0.042918
-0.042702
-0.042477
-0.042222
-0.041975
-0.041733
-0.041486
-0.041218
-0.040939
-0.040659
-0.040356
-0.040048
-0.039784
-0.039532
-0.039275
-0.039040
-0.038819
-0.038598
-0.038387
-0.038190
-0.038001
-0.037815
-0.037629
-0.037438
-0.037230
-0.037009
-0.036800
-0.036593
-0.036377
-0.036147
-0.035895
-0.035619
-0.035357
-0.035122
-0.034908
-0.034715
-0.034503
-0.034214
-0.033938
-0.033725
-0.033525
-0.033311
-0.033088
-0.032880
-0.032668
-0.032423
-0.032191
-0.032015
-0.031917
-0.031883
-0.031891
-0.031922
-0.031910
-0.031816
-0.031705
-0.031597
-0.031493
-0.031353
-0.031209
-0.031113
-0.030978
-0.030791
-0.030598
-0.030409
-0.030233
-0.030101
-0.030013
-0.029954
-0.029913
-0.029885
-0.029864
-0.029828
-0.029779
-0.029753
-0.029727
-0.029680
-0.029616
-0.029514
-0.029354
-0.029132
-0.028922
-0.028799
-0.028684
-0.028556
-0.028431
-0.028445
-0.028543
-0.028554
-0.028526
-0.028510
-0.028471
-0.028344
-0.028138
-0.027974
-0.027845
-0.027653
-0.027463
-0.027306
-0.027149
-0.027013
-0.026916
-0.026868
-0.026846
-0.026832
-0.026841
-0.026828
-0.026741
-0.026614
-0.026484
-0.026379
-0.026256
-0.026105
-0.025946
-0.025891
-0.025939
-0.025966
-0.025949
-0.025923
-0.025892
-0.025835
-0.025766
-0.025820
-0.026016
-0.026194
-0.026344
-0.026495
-0.026719
-0.026931
-0.027071
-0.027295
-0.027563
-0.027789
-0.027938
-0.028071
-0.028263
-0.028385
-0.028457
-0.028610
-0.028814
-0.028966
-0.028983
-0.029010
-0.029159
-0.029274
-0.029253
-0.029119
-0.028950
-0.028732
-0.028357
-0.028018
-0.027833
-0.027653
-0.027476
-0.027328
-0.027233
-0.027077
-0.026767
-0.026571
-0.026460
-0.026281
-0.026044
-0.025763
-0.025429
-0.025011
-0.024585
-0.024310
-0.024089
-0.023815
-0.023627
-0.023538
-0.023439
-0.023325
-0.023286
-0.023487
-0.023780
-0.024048
-0.024350
-0.024575
-0.024647
-0.024696
-0.024737
-0.024751
-0.024684
-0.024576
-0.024486
-0.024206
-0.023778
-0.023420
-0.023093
-0.022805
-0.022698
-0.022703
-0.022706
-0.022750
-0.022858
-0.023022
-0.023232
-0.023504
-0.023876
-0.024277
-0.024660
-0.025075
-0.025429
-0.025676
-0.026031
-0.026449
-0.026830
-0.027131
-0.027413
-0.027753
-0.027961
-0.028025
-0.028079
-0.028127
-0.028121
-0.028029
-0.027913
-0.027855
-0.027856
-0.027879
-0.027894
-0.027959
-0.028130
-0.028423
-0.028748
-0.029075
-0.029519
-0.029895
-0.030087
-0.030433
-0.030907
-0.031393
-0.031847
-0.032264
-0.032663
-0.033109
-0.033609
-0.034132
-0.034740
-0.035425
-0.036088
-0.036575
-0.036836
-0.037004
-0.037135
-0.037217
-0.037369
-0.037687
-0.038173
-0.038641
-0.038959
-0.039215
-0.039453
-0.039656
-0.039564
-0.039388
-0.039375
-0.039268
-0.039054
-0.038846
-0.038647
-0.038423
-0.038153
-0.037941
-0.037889
-0.038030
-0.038142
-0.038042
-0.037859
-0.037703
-0.037618
-0.037600
-0.037692
-0.037964
-0.038243
-0.038434
-0.038706
-0.039039
-0.039396
-0.039820
-0.040388
-0.041132
-0.041871
-0.042525
-0.043091
-0.043692
-0.044345
-0.044994
-0.045617
-0.046154
-0.046517
-0.046865
-0.047356
-0.047904
-0.048500
-0.049183
-0.049852
-0.050463
-0.051049
-0.051557
-0.051967
-0.052338
-0.052675
-0.052946
-0.053010
-0.052916
-0.052760
-0.052504
-0.052286
-0.052276
-0.052307
-0.052265
-0.052125
-0.051904
-0.051679
-0.051552
-0.051362
-0.051014
-0.050738
-0.050678
-0.050768
-0.050798
-0.050796
-0.051069
-0.051306
-0.051263
-0.051045
-0.050833
-0.050753
-0.050637
-0.050543
-0.050571
-0.050780
-0.050980
-0.050936
-0.050828
-0.050791
-0.050849
-0.050911
-0.050922
-0.050905
-0.050880
-0.050877
-0.050938
-0.050985
-0.050894
-0.050751
-0.050640
-0.050569
-0.050440
-0.050240
-0.050164
-0.050231
-0.050399
-0.050522
-0.050656
-0.050885
-0.051091
-0.051423
-0.052093
-0.052943
-0.053877
-0.054887
-0.056007
-0.057163
-0.058201
-0.059142
-0.060122
-0.061219
-0.062430
-0.063665
-0.064874
-0.066023
-0.067090
-0.067965
-0.068623
-0.069222
-0.069650
-0.069855
-0.070200
-0.070582
-0.070802
-0.070812
-0.070719
-0.070668
-0.070660
-0.070767
-0.071106
-0.071614
-0.072087
-0.072318
-0.072358
-0.072313
-0.072109
-0.071702
-0.071114
-0.070392
-0.069546
-0.068565
-0.067668
-0.067027
-0.066623
-0.066437
-0.066416
-0.066337
-0.066004
-0.065300
-0.064534
-0.063856
-0.063309
-0.062853
-0.062382
-0.061782
-0.061153
-0.060682
-0.060504
-0.060368
-0.060126
-0.060112
-0.060366
-0.060608
-0.060690
-0.060628
-0.060619
-0.060578
-0.060407
-0.060087
-0.059879
-0.059893
-0.059453
-0.058737
-0.058116
-0.057636
-0.057328
-0.057208
-0.057364
-0.057559
-0.057399
-0.057207
-0.057123
-0.056843
-0.056603
-0.056675
-0.056807
-0.056872
-0.056878
-0.056728
-0.056410
-0.056063
-0.055820
-0.055615
-0.054993
-0.054220
-0.053573
-0.052900
-0.052345
-0.052101
-0.052174
-0.052268
-0.052040
-0.051658
-0.051231
-0.050740
-0.049920
-0.048813
-0.047787
-0.046955
-0.046204
-0.045441
-0.044722
-0.044174
-0.043679
-0.043069
-0.042243
-0.041471
-0.040903
-0.040295
-0.039522
-0.038630
-0.038237
-0.038043
-0.037585
-0.036921
-0.036128
-0.035269
-0.034278
-0.033294
-0.032578
-0.032045
-0.031563
-0.031108
-0.030452
-0.029493
-0.028492
-0.027557
-0.026635
-0.025771
-0.024994
-0.024264
-0.023414
-0.022338
-0.021136
-0.019956
-0.018914
-0.018004
-0.017213
-0.016531
-0.015995
-0.015523
-0.015004
-0.014566
-0.014150
-0.013563
-0.012892
-0.012121
-0.011053
-0.009863
-0.008738
-0.007503
-0.006145
-0.004763
-0.003233
-0.001467
0.000549
0.002762
0.005086
0.007429
0.009600
0.011604
0.014240
0.017366
0.020624
0.023934
0.027208
0.030372
0.033619
0.036883
0.039942
0.043055
0.046172
0.048829
0.051091
0.053364
0.055891
0.058489
0.060817
0.063258
0.065898
0.068322
0.070600
0.072785
0.074789
0.076805
0.078901
0.080498
0.081772
0.083103
0.084717
0.086595
0.088621
0.090916
0.093366
0.095677
0.097741
0.099659
0.101614
0.103613
0.105603
0.107640
0.109640
0.111417
0.112911
0.114264
0.115825
0.117465
0.119152
0.121150
0.123147
0.124875
0.126532
0.128125
0.129600
0.130860
0.132044
0.133358
0.134734
0.136073
0.137317
0.138506
0.139754
0.141175
0.142709
0.144328
0.146193
0.148342
0.150592
0.152657
0.154529
0.156576
0.158635
0.160580
0.162487
0.164217
0.165653
0.166839
0.167748
0.168404
0.169099
0.169885
0.170689
0.171405
0.171894
0.172019
0.171853
0.171655
0.171706
0.171768
0.171743
0.172167
0.172923
0.173472
0.174112
0.174974
0.175887
0.176897
0.178007
0.179098
0.179945
0.180479
0.181225
0.181908
0.182193
0.182568
0.183016
0.183303
0.183515
0.183639
0.183555
0.183288
0.182887
0.182360
0.181685
0.180874
0.179996
0.178998
0.177785
0.176487
0.175247
0.174212
0.173478
0.173024
0.172628
0.172266
0.171934
0.171492
0.170913
0.170201
0.169445
0.168589
0.167530
0.165921
0.163941
0.162099
0.160539
0.159408
0.158969
0.158840
0.158484
0.157819
0.156875
0.155844
0.154954
0.154427
0.154376
0.154517
0.154695
0.155186
0.155370
0.154921
0.155117
0.155784
0.156411
0.156838
0.157150
0.157495
0.157566
0.157463
0.157579
0.157930
0.158353
0.158718
0.159077
0.159485
0.159825
0.160182
0.160725
0.161285
0.161591
0.161398
0.161005
0.160458
0.159135
0.157724
0.156816
0.155860
0.154807
0.153765
0.152892
0.152146
0.151404
0.150484
0.149465
0.148557
0.147822
0.147201
0.146611
0.146244
0.146126
0.145819
0.145354
0.145086
0.144828
0.144563
0.144550
0.144753
0.145102
0.145542
0.146117
0.146802
0.147202
0.147429
0.147728
0.148321
0.149037
0.149600
0.150324
0.151150
0.151736
0.152044
0.152263
0.152610
0.153110
0.153725
0.154527
0.155440
0.156282
0.156991
0.157456
0.157606
0.157866
0.158428
0.158829
0.159233
0.159948
0.161461
0.163287
0.164826
0.166454
0.168002
0.169096
0.169683
0.170140
0.170974
0.171812
0.172368
0.172802
0.173216
0.173561
0.173728
0.173583
0.173244
0.173337
0.173864
0.173913
0.173552
0.173054
0.172846
0.172647
0.172150
0.171543
0.170973
0.170541
0.170143
0.169805
0.169606
0.169671
0.169975
0.170382
0.170775
0.170962
0.170719
0.170451
0.170493
0.170480
0.170167
0.169548
0.168676
0.167531
0.166083
0.164851
0.164110
0.163416
0.162930
0.162743
0.162242
0.161313
0.160060
0.159066
0.158270
0.157364
0.156476
0.155590
0.154550
0.153283
0.152130
0.151659
0.151685
0.151751
0.151833
0.152181
0.152975
0.153635
0.153899
0.154099
0.154242
0.154284
0.154123
0.153726
0.153172
0.152932
0.152985
0.153138
0.152959
0.152575
0.152307
0.151944
0.151520
0.151272
0.150999
0.150540
0.149964
0.149282
0.148412
0.147257
0.146015
0.144936
0.143668
0.142068
0.140349
0.138487
0.136503
0.134554
0.132843
0.131467
0.130065
0.128405
0.126390
0.124459
0.122755
0.121229
0.119449
0.117638
0.116367
0.115487
0.114771
0.114248
0.114243
0.114758
0.115114
0.115030
0.114672
0.113952
0.113057
0.112479
0.112129
0.111873
0.111634
0.111162
0.110294
0.109222
0.108240
0.107586
0.106962
0.106340
0.105798
0.105077
0.104026
0.102650
0.101334
0.100184
0.098934
0.097633
0.096452
0.095378
0.094183
0.092816
0.092059
0.092060
0.092056
0.092220
0.092621
0.092919
0.092893
0.092505
0.092345
0.092449
0.092723
0.093299
0.093730
0.093469
0.093018
0.092392
0.091228
0.089690
0.088099
0.086656
0.084970
0.082660
0.079953
0.077112
0.074355
0.071846
0.069454
0.066803
0.064252
0.061959
0.059499
0.057007
0.054728
0.052963
0.051244
0.049031
0.046679
0.044084
0.040991
0.037619
0.034180
0.030822
0.027842
0.025283
0.022920
0.020397
0.017459
0.014101
0.010430
0.006652
0.002943
-0.000705
-0.004489
-0.008246
-0.011916
-0.015709
-0.019433
-0.022951
-0.026567
-0.030115
-0.033385
-0.036668
-0.039866
-0.042729
-0.045131
-0.047272
-0.049476
-0.051379
-0.052911
-0.054494
-0.056221
-0.057981
-0.059775
-0.061746
-0.063967
-0.066064
-0.068088
-0.070552
-0.072815
-0.074474
-0.075978
-0.077438
-0.078785
-0.079455
-0.080067
-0.081345
-0.082767
-0.084226
-0.085835
-0.087753
-0.089650
-0.090988
-0.092113
-0.093290
-0.094348
-0.094969
-0.095054
-0.094895
-0.094616
-0.094216
-0.093931
-0.093755
-0.093371
-0.092887
-0.092385
-0.091812
-0.091280
-0.090910
-0.090738
-0.090456
-0.089770
-0.089087
-0.088325
-0.087238
-0.086046
-0.085072
-0.084565
-0.084091
-0.083523
-0.083241
-0.083104
-0.082835
-0.082544
-0.082292
-0.082011
-0.081540
-0.080772
-0.079740
-0.078589
-0.077474
-0.076478
-0.075573
-0.074759
-0.074279
-0.073959
-0.073576
-0.073261
-0.073111
-0.073166
-0.073363
-0.073619
-0.073861
-0.074146
-0.074453
-0.074655
-0.074995
-0.075659
-0.076389
-0.077068
-0.077669
-0.077931
-0.077889
-0.077948
-0.078014
-0.078018
-0.078052
-0.078068
-0.077985
-0.077620
-0.077047
-0.076402
-0.075681
-0.075091
-0.074855
-0.074552
-0.074200
-0.074124
-0.074205
-0.074322
-0.074541
-0.074928
-0.075438
-0.075916
-0.076297
-0.076656
-0.077077
-0.077426
-0.077387
-0.077298
-0.077338
-0.077164
-0.076974
-0.076971
-0.077088
-0.077101
-0.076866
-0.076870
-0.077048
-0.077102
-0.077036
-0.076912
-0.076759
-0.076548
-0.076271
-0.075960
-0.075708
-0.075604
-0.075656
-0.075765
-0.075803
-0.075824
-0.075825
-0.075744
-0.075755
-0.075986
-0.076364
-0.076775
-0.077187
-0.077913
-0.078668
-0.079074
-0.079163
-0.079091
-0.079018
-0.078805
-0.078607
-0.078753
-0.079178
-0.079605
-0.079780
-0.079881
-0.080040
-0.079924
-0.079514
-0.079064
-0.078546
-0.077963
-0.077336
-0.076610
-0.075776
-0.074959
-0.074418
-0.074197
-0.073512
-0.072697
-0.072245
-0.071837
-0.071490
-0.071357
-0.071322
-0.071177
-0.070731
-0.070224
-0.069781
-0.069255
-0.068766
-0.068441
-0.068123
-0.067741
-0.067310
-0.066765
-0.066147
-0.065660
-0.065315
-0.065046
-0.064674
-0.063963
-0.062796
-0.061451
-0.060048
-0.058635
-0.057003
-0.055317
-0.053870
-0.052764
-0.051866
-0.050976
-0.050426
-0.050279
-0.050188
-0.050076
-0.049988
-0.049801
-0.049508
-0.049141
-0.048531
-0.047622
-0.046597
-0.045657
-0.044790
-0.043549
-0.042376
-0.041634
-0.040832
-0.040045
-0.039465
-0.039090
-0.038816
-0.038518
-0.038148
-0.037683
-0.037112
-0.036505
-0.035963
-0.035570
-0.035306
-0.035045
-0.034663
-0.034277
-0.034172
-0.034371
-0.034770
-0.035158
-0.035594
-0.036119
-0.036676
-0.037175
-0.037588
-0.038197
-0.039095
-0.040257
-0.041396
-0.042335
-0.043020
-0.043980
-0.045120
-0.045953
-0.046580
-0.047077
-0.047269
-0.047176
-0.047001
-0.046970
-0.047214
-0.047668
-0.048166
-0.048647
-0.049192
-0.049648
-0.049875
-0.049860
-0.049826
-0.049887
-0.049585
-0.049098
-0.048707
-0.048260
-0.047744
-0.047222
-0.046760
-0.046258
-0.045545
-0.044774
-0.044069
-0.043383
-0.042636
-0.041809
-0.040960
-0.040100
-0.039157
-0.038028
-0.036814
-0.035823
-0.034862
-0.033790
-0.032739
-0.031725
-0.030675
-0.029190
-0.027491
-0.025897
-0.024219
-0.022623
-0.021364
-0.020048
-0.018611
-0.017255
-0.015884
-0.014493
-0.013270
-0.012429
-0.011966
-0.011587
-0.011181
-0.010761
-0.010054
-0.008985
-0.007830
-0.006788
-0.005922
-0.004980
-0.003858
-0.002569
-0.001434
-0.000336
0.000863
0.001860
0.002612
0.003205
0.003595
0.003962
0.004601
0.005323
0.005991
0.006716
0.007607
0.008539
0.009156
0.009598
0.010301
0.011053
0.011694
0.012264
0.012908
0.013672
0.014361
0.015139
0.016126
0.017094
0.018152
0.019426
0.020742
0.021920
0.022853
0.023929
0.025054
0.025838
0.026479
0.027149
0.027753
0.028201
0.028534
0.028934
0.029407
0.029841
0.030327
0.030932
0.031656
0.032427
0.033110
0.033510
0.033715
0.033865
0.034082
0.034418
0.034916
0.035600
0.036370
0.037088
0.037636
0.038004
0.038250
0.038539
0.038884
0.039146
0.039444
0.039907
0.040400
0.040734
0.040841
0.040938
0.041163
0.041461
0.041775
0.042082
0.042442
0.042556
0.042228
0.041849
0.041514
0.041236
0.040989
0.040762
0.040554
0.040397
0.040289
0.040216
0.040104
0.040032
0.040209
0.040335
0.040090
0.039635
0.039073
0.038438
0.037806
0.037233
0.036717
0.036175
0.035631
0.035356
0.035162
0.034886
0.034763
0.034696
0.034507
0.034079
0.033535
0.033060
0.032478
0.031888
0.031568
0.031530
0.031587
0.031534
0.031434
0.031385
0.031280
0.031083
0.030892
0.030878
0.031056
0.031194
0.031185
0.031037
0.030963
0.030902
0.030765
0.030561
0.030354
0.030198
0.030017
0.029795
0.029556
0.029355
0.029178
0.028968
0.028647
0.028241
0.027854
0.027380
0.026780
0.026301
0.025918
0.025427
0.024952
0.024590
0.024355
0.024232
0.024228
0.024396
0.024578
0.024682
0.024949
0.025172
0.025105
0.024965
0.024819
0.024642
0.024206
0.023603
0.023110
0.022725
0.022417
0.022250
0.022274
0.022422
0.022509
0.022514
0.022573
0.022703
0.022829
0.022814
0.022820
0.022950
0.023093
0.023170
0.023178
0.023401
0.023765
0.024122
0.024471
0.024791
0.025056
0.025304
0.025600
0.025995
0.026336
0.026491
0.026437
0.026311
0.026218
0.026088
0.025836
0.025468
0.025184
0.024998
0.024662
0.024267
0.023981
0.023997
0.024142
0.024225
0.024250
0.024190
0.024014
0.023694
0.023358
0.023163
0.023091
0.023086
0.023102
0.023162
0.023255
0.023321
0.023319
0.023280
0.023299
0.023345
0.023313
0.023261
0.023202
0.023079
0.022936
0.022824
0.022773
0.022780
0.022836
0.022921
0.022965
0.022911
0.022850
0.022823
0.022837
0.022896
0.023033
0.023283
0.023620
0.023979
0.024294
0.024641
0.025047
0.025360
0.025532
0.025639
0.025723
0.025719
0.025467
0.025191
0.025025
0.024799
0.024592
0.024502
0.024581
0.024766
0.024974
0.025239
0.025494
0.025654
0.025919
0.026296
0.026649
0.027000
0.027300
0.027398
0.027357
0.027310
0.027260
0.027177
0.027048
0.026970
0.026953
0.026877
0.026787
0.026730
0.026722
0.026755
0.026810
0.026853
0.026904
0.026989
0.027118
0.027249
0.027340
0.027506
0.027711
0.027821
0.027861
0.027895
0.027955
0.027997
0.027992
0.027998
0.028063
0.028182
0.028299
0.028395
0.028508
0.028589
0.028605
0.028577
0.028576
0.028614
0.028462
0.028235
0.028093
0.027948
0.027798
0.027688
0.027667
0.027675
0.027601
0.027531
0.027528
0.027560
0.027577
0.027564
0.027558
0.027532
0.027450
0.027413
0.027442
0.027440
0.027430
0.027439
0.027472
0.027491
0.027455
0.027352
0.027274
0.027311
0.027366
0.027418
0.027493
0.027740
0.028079
0.028297
0.028457
0.028605
0.028666
0.028623
0.028528
0.028452
0.028437
0.028456
0.028457
0.028446
0.028507
0.028569
0.028573
0.028533
0.028470
0.028411
0.028409
0.028456
0.028523
0.028596
0.028617
0.028532
0.028342
0.028088
0.027818
0.027471
0.027067
0.026721
0.026372
0.025935
0.025474
0.025036
0.024633
0.024262
0.023902
0.023531
0.023158
0.022783
0.022381
0.021984
0.021627
0.021303
0.020968
0.020588
0.020221
0.019861
0.019470
0.018982
0.018432
0.017901
0.017331
0.016714
0.016132
0.015636
0.015213
0.014803
0.014439
0.014160
0.013784
0.013287
0.012855
0.012405
0.011848
0.011163
0.010414
0.009652
0.008822
0.007961
0.007128
0.006362
0.005615
0.004816
0.004023
0.003248
0.002456
0.001608
0.000739
-0.000057
-0.000866
-0.001757
-0.002613
-0.003435
-0.004310
-0.005184
-0.006018
-0.006811
-0.007582
-0.008344
-0.009095
-0.009844
-0.010599
-0.011351
-0.012097
-0.012830
-0.013497
-0.014139
-0.014822
-0.015484
-0.016138
-0.016849
-0.017616
-0.018382
-0.019089
-0.019806
-0.020580
-0.021308
-0.021976
-0.022648
-0.023308
-0.023937
-0.024530
-0.025147
-0.025808
-0.026439
-0.027055
-0.027682
-0.028342
-0.028993
-0.029599
-0.030203
-0.030807
-0.031395
-0.031940
-0.032452
-0.032955
-0.033461
-0.033975
-0.034508
-0.035032
-0.035536
-0.036055
-0.036579
-0.037075
-0.037568
-0.038077
-0.038602
-0.039123
-0.039630
-0.040138
-0.040630
-0.041097
-0.041551
-0.041988
-0.042406
-0.042821
-0.043239
-0.043656
-0.044058
-0.044446
-0.044824
-0.045192
-0.045558
-0.045933
-0.046302
-0.046654
-0.047004
-0.047355
-0.047690
-0.048013
-0.048333
-0.048668
-0.049004
-0.049332
-0.049662
-0.049971
-0.050248
-0.050517
-0.050782
-0.051037
-0.051279
-0.051513
-0.051749
-0.051965
-0.052159
-0.052342
-0.052519
-0.052695
-0.052876
-0.053068
-0.053266
-0.053454
-0.053626
-0.053790
-0.053944
-0.054088
-0.054224
-0.054362
-0.054505
-0.054638
-0.054746
-0.054823
-0.054900
-0.054975
-0.055041
-0.055094
-0.055139
-0.055184
-0.055217
-0.055235
-0.055242
-0.055246
-0.055251
