-0.061462
-0.061462
-0.061462
-0.061462
-0.061462
-0.061462
-0.061462
-0.061462
-0.061463
-0.061463
-0.061463
-0.061463
-0.061464
-0.061464
-0.061465
-0.061466
-0.061466
-0.061467
-0.061468
-0.061469
-0.061470
-0.061472
-0.061473
-0.061475
-0.061476
-0.061478
-0.061480
-0.061482
-0.061484
-0.061486
-0.061488
-0.061491
-0.061493
-0.061497
-0.061500
-0.061503
-0.061507
-0.061510
-0.061515
-0.061519
-0.061524
-0.061528
-0.061533
-0.061538
-0.061543
-0.061548
-0.061554
-0.061560
-0.061567
-0.061574
-0.061581
-0.061589
-0.061598
-0.061608
-0.061619
-0.061630
-0.061642
-0.061652
-0.061663
-0.061673
-0.061685
-0.061696
-0.061707
-0.061719
-0.061732
-0.061745
-0.061759
-0.061774
-0.061791
-0.061808
-0.061827
-0.061846
-0.061865
-0.061884
-0.061904
-0.061925
-0.061946
-0.061967
-0.061989
-0.062011
-0.062035
-0.062059
-0.062083
-0.062108
-0.062134
-0.062159
-0.062184
-0.062210
-0.062236
-0.062261
-0.062287
-0.062312
-0.062337
-0.062362
-0.062390
-0.062417
-0.062444
-0.062471
-0.062501
-0.062533
-0.062564
-0.062595
-0.062628
-0.062663
-0.062697
-0.062730
-0.062763
-0.062797
-0.062835
-0.062874
-0.062914
-0.062955
-0.062995
-0.063034
-0.063072
-0.063110
-0.063148
-0.063189
-0.063232
-0.063273
-0.063312
-0.063350
-0.063388
-0.063426
-0.063464
-0.063505
-0.063552
-0.063603
-0.063653
-0.063703
-0.063753
-0.063804
-0.063853
-0.063903
-0.063954
-0.064008
-0.064065
-0.064123
-0.064182
-0.064237
-0.064289
-0.064343
-0.064396
-0.064448
-0.064503
-0.064561
-0.064619
-0.064673
-0.064725
-0.064781
-0.064841
-0.064899
-0.064953
-0.065011
-0.065073
-0.065135
-0.065200
-0.065269
-0.065348
-0.065431
-0.065512
-0.065595
-0.065675
-0.065747
-0.065822
-0.065902
-0.065981
-0.066059
-0.066134
-0.066206
-0.066270
-0.066325
-0.066378
-0.066431
-0.066485
-0.066541
-0.066598
-0.066653
-0.066704
-0.066750
-0.066799
-0.066852
-0.066908
-0.066960
-0.067016
-0.067078
-0.067136
-0.067194
-0.067255
-0.067317
-0.067382
-0.067452
-0.067522
-0.067589
-0.067658
-0.067735
-0.067817
-0.067894
-0.067972
-0.068051
-0.068121
-0.068186
-0.068251
-0.068322
-0.068399
-0.068479
-0.068556
-0.068632
-0.068719
-0.068803
-0.068872
-0.068935
-0.068994
-0.069049
-0.069096
-0.069142
-0.069193
-0.069245
-0.069296
-0.069346
-0.069389
-0.069428
-0.069471
-0.069516
-0.069561
-0.069611
-0.069666
-0.069725
-0.069785
-0.069839
-0.069885
-0.069930
-0.069977
-0.070017
-0.070057
-0.070104
-0.070159
-0.070213
-0.070259
-0.070309
-0.070357
-0.070396
-0.070430
-0.070468
-0.070515
-0.070574
-0.070635
-0.070690
-0.070746
-0.070805
-0.070860
-0.070900
-0.070926
-0.070956
-0.070995
-0.071036
-0.071084
-0.071142
-0.071202
-0.071256
-0.071301
-0.071345
-0.071390
-0.071437
-0.071487
-0.071546
-0.071619
-0.071691
-0.071757
-0.071816
-0.071885
-0.071966
-0.072050
-0.072136
-0.072217
-0.072279
-0.072335
-0.072398
-0.072454
-0.072496
-0.072531
-0.072563
-0.072583
-0.072568
-0.072547
-0.072540
-0.072530
-0.072527
-0.072535
-0.072547
-0.072549
-0.072534
-0.072509
-0.072491
-0.072495
-0.072495
-0.072490
-0.072499
-0.072517
-0.072537
-0.072560
-0.072595
-0.072643
-0.072685
-0.072724
-0.072770
-0.072791
-0.072784
-0.072791
-0.072798
-0.072792
-0.072780
-0.072761
-0.072730
-0.072682
-0.072629
-0.072585
-0.072533
-0.072474
-0.072421
-0.072385
-0.072358
-0.072319
-0.072276
-0.072242
-0.072220
-0.072179
-0.072101
-0.072020
-0.071950
-0.071880
-0.071817
-0.071771
-0.071743
-0.071712
-0.071670
-0.071654
-0.071650
-0.071639
-0.071616
-0.071592
-0.071577
-0.071545
-0.071506
-0.071483
-0.071472
-0.071470
-0.071480
-0.071483
-0.071476
-0.071478
-0.071496
-0.071530
-0.071580
-0.071657
-0.071760
-0.071839
-0.071884
-0.071943
-0.071996
-0.072022
-0.072016
-0.072011
-0.072028
-0.072012
-0.071982
-0.071974
-0.071985
-0.072013
-0.072052
-0.072082
-0.072090
-0.072071
-0.072044
-0.072022
-0.071999
-0.071989
-0.072002
-0.072029
-0.072068
-0.072122
-0.072185
-0.072258
-0.072349
-0.072456
-0.072564
-0.072646
-0.072704
-0.072752
-0.072825
-0.072918
-0.073019
-0.073142
-0.073264
-0.073347
-0.073414
-0.073472
-0.073514
-0.073541
-0.073565
-0.073606
-0.073639
-0.073634
-0.073599
-0.073551
-0.073509
-0.073470
-0.073428
-0.073384
-0.073353
-0.073328
-0.073255
-0.073172
-0.073123
-0.073092
-0.073077
-0.073076
-0.073091
-0.073084
-0.073019
-0.072948
-0.072884
-0.072801
-0.072727
-0.072676
-0.072626
-0.072537
-0.072398
-0.072248
-0.072090
-0.071906
-0.071753
-0.071646
-0.071541
-0.071448
-0.071373
-0.071308
-0.071235
-0.071151
-0.071105
-0.071070
-0.071006
-0.070931
-0.070840
-0.070718
-0.070566
-0.070405
-0.070259
-0.070121
-0.069987
-0.069865
-0.069762
-0.069676
-0.069603
-0.069545
-0.069505
-0.069468
-0.069434
-0.069414
-0.069389
-0.069341
-0.069255
-0.069161
-0.069080
-0.068978
-0.068880
-0.068819
-0.068774
-0.068730
-0.068681
-0.068658
-0.068641
-0.068580
-0.068509
-0.068441
-0.068341
-0.068181
-0.067973
-0.067761
-0.067558
-0.067344
-0.067132
-0.066931
-0.066730
-0.066518
-0.066291
-0.066070
-0.065877
-0.065716
-0.065539
-0.065334
-0.065106
-0.064898
-0.064709
-0.064520
-0.064308
-0.064080
-0.063854
-0.063587
-0.063290
-0.063035
-0.062835
-0.062671
-0.062538
-0.062454
-0.062425
-0.062382
-0.062306
-0.062262
-0.062246
-0.062238
-0.062210
-0.062155
-0.062085
-0.062057
-0.062045
-0.062013
-0.061993
-0.061975
-0.061933
-0.061868
-0.061786
-0.061692
-0.061577
-0.061455
-0.061357
-0.061259
-0.061149
-0.061086
-0.061070
-0.061060
-0.061080
-0.061136
-0.061196
-0.061257
-0.061319
-0.061386
-0.061440
-0.061478
-0.061578
-0.061713
-0.061831
-0.061909
-0.061944
-0.061940
-0.061912
-0.061871
-0.061830
-0.061816
-0.061807
-0.061744
-0.061641
-0.061522
-0.061348
-0.061148
-0.060987
-0.060842
-0.060705
-0.060598
-0.060496
-0.060370
-0.060210
-0.060070
-0.059977
-0.059819
-0.059644
-0.059529
-0.059455
-0.059389
-0.059305
-0.059254
-0.059217
-0.059129
-0.058993
-0.058855
-0.058765
-0.058641
-0.058427
-0.058223
-0.058066
-0.057920
-0.057788
-0.057672
-0.057572
-0.057461
-0.057318
-0.057147
-0.056982
-0.056848
-0.056724
-0.056621
-0.056557
-0.056543
-0.056533
-0.056470
-0.056430
-0.056420
-0.056385
-0.056319
-0.056250
-0.056213
-0.056167
-0.056077
-0.055986
-0.055904
-0.055797
-0.055652
-0.055506
-0.055441
-0.055392
-0.055320
-0.055276
-0.055224
-0.055130
-0.055005
-0.054856
-0.054687
-0.054469
-0.054234
-0.054032
-0.053813
-0.053571
-0.053345
-0.053164
-0.053046
-0.052995
-0.052931
-0.052802
-0.052671
-0.052550
-0.052416
-0.052318
-0.052249
-0.052130
-0.051993
-0.051861
-0.051723
-0.051609
-0.051556
-0.051604
-0.051704
-0.051796
-0.051936
-0.052093
-0.052205
-0.052319
-0.052477
-0.052693
-0.052926
-0.053112
-0.053206
-0.053295
-0.053447
-0.053577
-0.053680
-0.053811
-0.053916
-0.053973
-0.054014
-0.054032
-0.054012
-0.053934
-0.053832
-0.053741
-0.053658
-0.053577
-0.053493
-0.053407
-0.053292
-0.053119
-0.052908
-0.052701
-0.052538
-0.052331
-0.052082
-0.051907
-0.051787
-0.051657
-0.051534
-0.051460
-0.051452
-0.051430
-0.051343
-0.051208
-0.051048
-0.050882
-0.050711
-0.050565
-0.050465
-0.050368
-0.050231
-0.050035
-0.049873
-0.049766
-0.049693
-0.049625
-0.049541
-0.049425
-0.049255
-0.049033
-0.048783
-0.048540
-0.048352
-0.048260
-0.048229
-0.048164
-0.048056
-0.047935
-0.047867
-0.047829
-0.047804
-0.047813
-0.047798
-0.047728
-0.047716
-0.047722
-0.047683
-0.047648
-0.047636
-0.047645
-0.047585
-0.047476
-0.047405
-0.047301
-0.047145
-0.047023
-0.046931
-0.046816
-0.046665
-0.046529
-0.046455
-0.046340
-0.046135
-0.045887
-0.045615
-0.045305
-0.044890
-0.044492
-0.044201
-0.043883
-0.043556
-0.043261
-0.042958
-0.042622
-0.042251
-0.041935
-0.041670
-0.041395
-0.041195
-0.041069
-0.040897
-0.040687
-0.040483
-0.040252
-0.040006
-0.039803
-0.039678
-0.039625
-0.039577
-0.039519
-0.039456
-0.039428
-0.039410
-0.039385
-0.039417
-0.039541
-0.039751
-0.039866
-0.039919
-0.040021
-0.040156
-0.040316
-0.040522
-0.040766
-0.040992
-0.041124
-0.041187
-0.041225
-0.041219
-0.041197
-0.041214
-0.041281
-0.041372
-0.041432
-0.041484
-0.041565
-0.041710
-0.041886
-0.042063
-0.042275
-0.042509
-0.042734
-0.042891
-0.042985
-0.043046
-0.043090
-0.043121
-0.043140
-0.043173
-0.043213
-0.043220
-0.043196
-0.043136
-0.042989
-0.042764
-0.042535
-0.042344
-0.042164
-0.041911
-0.041686
-0.041524
-0.041287
-0.041046
-0.040872
-0.040706
-0.040523
-0.040318
-0.040171
-0.040016
-0.039747
-0.039456
-0.039144
-0.038738
-0.038276
-0.037834
-0.037474
-0.037139
-0.036781
-0.036468
-0.036209
-0.035962
-0.035715
-0.035466
-0.035235
-0.035043
-0.034885
-0.034710
-0.034472
-0.034158
-0.033850
-0.033515
-0.033109
-0.032681
-0.032262
-0.031864
-0.031442
-0.030966
-0.030431
-0.029906
-0.029422
-0.028942
-0.028418
-0.027843
-0.027267
-0.026648
-0.025932
-0.025276
-0.024736
-0.024200
-0.023691
-0.023237
-0.022851
-0.022460
-0.022021
-0.021676
-0.021387
-0.021082
-0.020793
-0.020486
-0.020106
-0.019711
-0.019321
-0.018923
-0.018495
-0.018041
-0.017591
-0.017078
-0.016468
-0.015859
-0.015281
-0.014707
-0.014174
-0.013689
-0.013208
-0.012707
-0.012201
-0.011774
-0.011378
-0.010970
-0.010618
-0.010326
-0.010067
-0.009745
-0.009385
-0.009064
-0.008845
-0.008703
-0.008570
-0.008459
-0.008347
-0.008156
-0.007873
-0.007551
-0.007256
-0.006972
-0.006645
-0.006341
-0.006067
-0.005745
-0.005390
-0.005034
-0.004709
-0.004354
-0.003930
-0.003529
-0.003104
-0.002589
-0.001998
-0.001406
-0.000881
-0.000260
0.000437
0.001060
0.001588
0.002065
0.002525
0.002932
0.003273
0.003646
0.004117
0.004663
0.005187
0.005653
0.006120
0.006532
0.006858
0.007148
0.007493
0.007932
0.008286
0.008594
0.008935
0.009308
0.009695
0.010078
0.010486
0.010908
0.011299
0.011626
0.011919
0.012251
0.012635
0.013065
0.013565
0.014159
0.014815
0.015409
0.015937
0.016558
0.017226
0.017866
0.018407
0.018856
0.019250
0.019657
0.020085
0.020524
0.020930
0.021337
0.021793
0.022206
0.022533
0.022788
0.023078
0.023434
0.023797
0.024100
0.024345
0.024599
0.024855
0.025075
0.025359
0.025755
0.026217
0.026706
0.027193
0.027687
0.028160
0.028583
0.028928
0.029261
0.029648
0.030036
0.030373
0.030622
0.030828
0.030984
0.031049
0.031030
0.030978
0.030951
0.030950
0.030949
0.030960
0.031012
0.031127
0.031280
0.031498
0.031867
0.032276
0.032644
0.033025
0.033370
0.033627
0.033782
0.033940
0.034201
0.034443
0.034663
0.034910
0.035150
0.035344
0.035466
0.035550
0.035630
0.035715
0.035844
0.036047
0.036304
0.036574
0.036815
0.037013
0.037203
0.037470
0.037791
0.038119
0.038390
0.038562
0.038629
0.038683
0.038727
0.038753
0.038809
0.038885
0.038947
0.039034
0.039118
0.039129
0.039112
0.039126
0.039188
0.039224
0.039185
0.039138
0.039147
0.039202
0.039184
0.039074
0.039004
0.038917
0.038758
0.038532
0.038348
0.038270
0.038089
0.037894
0.037817
0.037763
0.037741
0.037804
0.037956
0.038144
0.038298
0.038501
0.038793
0.039117
0.039394
0.039609
0.039836
0.040077
0.040284
0.040530
0.040855
0.041209
0.041488
0.041668
0.041913
0.042133
0.042243
0.042349
0.042452
0.042521
0.042546
0.042583
0.042693
0.042730
0.042716
0.042800
0.042895
0.042956
0.043067
0.043256
0.043501
0.043777
0.044116
0.044547
0.044952
0.045324
0.045815
0.046345
0.046814
0.047170
0.047503
0.047878
0.048139
0.048377
0.048723
0.049091
0.049456
0.049825
0.050222
0.050645
0.051074
0.051493
0.051882
0.052221
0.052592
0.053057
0.053541
0.054017
0.054477
0.054819
0.055053
0.055323
0.055530
0.055630
0.055742
0.055903
0.056099
0.056189
0.056247
0.056388
0.056587
0.056865
0.057250
0.057598
0.057898
0.058230
0.058577
0.058892
0.059150
0.059456
0.059846
0.060150
0.060389
0.060707
0.060989
0.061193
0.061387
0.061481
0.061399
0.061149
0.060869
0.060633
0.060211
0.059825
0.059719
0.059583
0.059383
0.059233
0.059284
0.059490
0.059701
0.060004
0.060384
0.060651
0.060763
0.060767
0.060672
0.060438
0.060065
0.059733
0.059503
0.059249
0.059029
0.058952
0.059166
0.059448
0.059619
0.059904
0.060189
0.060297
0.060235
0.060125
0.060105
0.060065
0.060072
0.060312
0.060690
0.061100
0.061556
0.062155
0.062895
0.063588
0.064257
0.065054
0.065823
0.066431
0.066851
0.067181
0.067482
0.067680
0.067879
0.068190
0.068650
0.069095
0.069350
0.069528
0.069688
0.069827
0.069558
0.069034
0.068736
0.068513
0.068239
0.068068
0.068129
0.068352
0.068456
0.068428
0.068458
0.068433
0.068366
0.068461
0.068684
0.069001
0.069426
0.069760
0.069865
0.069944
0.069971
0.069860
0.069489
0.069048
0.068789
0.068296
0.067575
0.066955
0.066344
0.065658
0.064992
0.064362
0.063755
0.063206
0.062650
0.061982
0.061236
0.060479
0.059798
0.059189
0.058620
0.058031
0.057359
0.056570
0.055697
0.054669
0.053438
0.052231
0.051005
0.049602
0.047945
0.046055
0.044007
0.041830
0.039683
0.037813
0.036178
0.034609
0.033073
0.031639
0.030363
0.029038
0.027698
0.026712
0.025899
0.025065
0.024153
0.023030
0.021653
0.020280
0.018975
0.017751
0.016548
0.015396
0.014333
0.012972
0.011233
0.009294
0.007248
0.005238
0.003461
0.001788
0.000028
-0.001773
-0.003578
-0.005368
-0.007131
-0.008756
-0.010040
-0.011159
-0.012261
-0.013294
-0.014537
-0.016162
-0.017793
-0.019415
-0.021101
-0.022823
-0.024730
-0.026985
-0.029384
-0.031792
-0.034161
-0.036524
-0.038796
-0.040792
-0.042724
-0.044899
-0.047310
-0.049821
-0.052206
-0.054323
-0.056246
-0.058293
-0.060386
-0.062453
-0.064523
-0.066443
-0.068103
-0.069607
-0.070908
-0.071942
-0.072671
-0.073310
-0.074108
-0.074694
-0.075104
-0.075679
-0.076434
-0.077304
-0.078297
-0.079347
-0.080269
-0.080825
-0.081115
-0.081447
-0.081703
-0.081872
-0.082119
-0.082427
-0.082745
-0.083028
-0.083348
-0.083713
-0.083801
-0.083807
-0.083973
-0.084025
-0.083972
-0.083960
-0.084157
-0.084415
-0.084446
-0.084636
-0.085063
-0.085298
-0.085494
-0.085934
-0.086448
-0.086885
-0.087221
-0.087568
-0.087939
-0.088214
-0.088531
-0.088936
-0.089213
-0.089465
-0.089769
-0.089938
-0.090121
-0.090528
-0.091157
-0.091914
-0.092691
-0.093685
-0.094717
-0.095381
-0.095711
-0.095866
-0.095907
-0.095880
-0.095898
-0.096161
-0.096667
-0.097228
-0.097798
-0.098266
-0.098504
-0.098710
-0.099022
-0.099311
-0.099617
-0.099955
-0.100168
-0.100183
-0.099958
-0.099463
-0.098858
-0.098359
-0.098197
-0.098256
-0.098244
-0.098346
-0.098525
-0.098400
-0.097952
-0.097364
-0.096696
-0.095965
-0.095161
-0.094335
-0.093425
-0.092249
-0.090963
-0.089716
-0.088539
-0.087629
-0.087118
-0.086841
-0.086640
-0.086396
-0.086246
-0.086182
-0.086127
-0.086128
-0.086226
-0.086420
-0.086684
-0.086868
-0.086760
-0.086566
-0.086592
-0.086847
-0.087168
-0.087381
-0.087651
-0.087959
-0.088014
-0.087955
-0.087911
-0.087852
-0.087837
-0.087874
-0.087764
-0.087493
-0.087142
-0.086944
-0.086956
-0.087139
-0.087520
-0.088014
-0.088460
-0.088707
-0.088798
-0.088914
-0.089225
-0.089735
-0.090286
-0.090949
-0.091807
-0.092383
-0.092569
-0.092839
-0.093239
-0.093745
-0.094253
-0.094822
-0.095530
-0.096382
-0.097255
-0.098005
-0.098604
-0.099035
-0.099292
-0.099319
-0.099256
-0.099337
-0.099278
-0.099080
-0.099152
-0.099215
-0.098957
-0.098730
-0.098746
-0.098955
-0.099241
-0.099602
-0.100175
-0.100717
-0.101054
-0.101292
-0.101450
-0.101578
-0.101880
-0.102384
-0.103067
-0.103844
-0.104647
-0.105421
-0.106060
-0.106557
-0.106977
-0.107304
-0.107575
-0.107893
-0.108305
-0.108738
-0.109051
-0.109447
-0.110201
-0.110906
-0.111351
-0.111722
-0.112024
-0.112131
-0.111725
-0.111185
-0.110889
-0.110775
-0.110773
-0.110817
-0.110939
-0.110963
-0.110693
-0.110398
-0.110238
-0.110223
-0.110317
-0.110427
-0.110444
-0.110480
-0.110626
-0.110745
-0.110871
-0.111103
-0.111243
-0.111191
-0.111068
-0.111018
-0.111039
-0.110828
-0.110742
-0.111040
-0.111211
-0.111290
-0.111448
-0.111779
-0.112209
-0.112611
-0.113009
-0.113375
-0.113638
-0.113841
-0.114029
-0.114194
-0.114479
-0.114928
-0.115317
-0.115635
-0.116022
-0.116372
-0.116607
-0.116734
-0.116852
-0.117069
-0.117439
-0.117921
-0.118470
-0.119117
-0.119719
-0.120131
-0.120478
-0.120820
-0.121164
-0.121405
-0.121635
-0.122035
-0.122337
-0.122387
-0.122317
-0.122288
-0.122326
-0.122300
-0.122250
-0.122295
-0.122277
-0.122014
-0.121395
-0.120634
-0.119876
-0.118990
-0.118208
-0.117698
-0.117228
-0.116736
-0.116209
-0.115668
-0.115154
-0.114704
-0.114304
-0.114014
-0.113926
-0.113975
-0.114031
-0.113992
-0.113987
-0.114079
-0.114040
-0.113808
-0.113473
-0.112949
-0.112239
-0.111433
-0.110440
-0.109302
-0.108340
-0.107416
-0.106355
-0.105141
-0.103813
-0.102427
-0.100967
-0.099640
-0.098675
-0.097809
-0.097006
-0.096405
-0.095822
-0.095165
-0.094558
-0.093956
-0.093315
-0.092762
-0.092288
-0.091731
-0.090946
-0.090001
-0.089165
-0.088210
-0.087018
-0.085841
-0.084776
-0.083803
-0.082519
-0.081019
-0.079518
-0.078089
-0.076781
-0.075614
-0.074451
-0.073304
-0.072267
-0.071180
-0.070045
-0.069082
-0.068259
-0.067494
-0.066888
-0.066418
-0.065959
-0.065495
-0.065013
-0.064489
-0.063902
-0.063280
-0.062726
-0.062188
-0.061615
-0.061086
-0.060536
-0.059903
-0.059366
-0.058888
-0.058355
-0.057921
-0.057564
-0.057119
-0.056456
-0.055598
-0.054666
-0.053777
-0.053055
-0.052630
-0.052411
-0.052128
-0.051678
-0.051149
-0.050821
-0.050524
-0.050145
-0.049790
-0.049371
-0.048797
-0.048052
-0.047207
-0.046362
-0.045602
-0.044920
-0.044272
-0.043731
-0.043217
-0.042561
-0.041818
-0.041056
-0.040259
-0.039380
-0.038457
-0.037646
-0.036887
-0.035993
-0.035048
-0.034175
-0.033458
-0.032758
-0.032020
-0.031431
-0.030846
-0.030106
-0.029193
-0.028203
-0.027233
-0.026193
-0.025153
-0.024239
-0.023486
-0.022836
-0.022201
-0.021632
-0.021153
-0.020708
-0.020206
-0.019610
-0.018985
-0.018324
-0.017607
-0.016979
-0.016360
-0.015420
-0.014427
-0.013578
-0.012739
-0.012056
-0.011675
-0.011644
-0.011768
-0.011861
-0.012241
-0.012739
-0.013026
-0.013344
-0.013724
-0.013989
-0.014098
-0.014075
-0.013941
-0.013751
-0.013570
-0.013453
-0.013439
-0.013541
-0.013776
-0.014085
-0.014319
-0.014497
-0.014645
-0.014768
-0.014910
-0.015083
-0.015188
-0.015255
-0.015317
-0.015239
-0.015054
-0.014877
-0.014876
-0.015051
-0.015301
-0.015691
-0.016115
-0.016299
-0.016334
-0.016394
-0.016387
-0.016291
-0.016165
-0.016035
-0.015816
-0.015331
-0.014801
-0.014348
-0.013781
-0.013432
-0.013534
-0.013680
-0.013820
-0.014015
-0.014484
-0.015083
-0.015554
-0.016011
-0.016484
-0.016886
-0.017135
-0.017270
-0.017424
-0.017699
-0.018081
-0.018460
-0.018813
-0.019174
-0.019438
-0.019576
-0.019722
-0.020032
-0.020500
-0.020792
-0.021029
-0.021338
-0.021587
-0.021805
-0.022052
-0.022321
-0.022545
-0.022670
-0.022897
-0.023215
-0.023477
-0.023819
-0.024327
-0.024926
-0.025498
-0.025982
-0.026426
-0.026857
-0.027264
-0.027609
-0.027919
-0.028284
-0.028624
-0.028875
-0.029061
-0.029232
-0.029415
-0.029537
-0.029633
-0.029767
-0.029947
-0.030203
-0.030550
-0.030860
-0.031099
-0.031309
-0.031503
-0.031708
-0.031966
-0.032261
-0.032582
-0.032968
-0.033442
-0.033975
-0.034456
-0.034864
-0.035302
-0.035727
-0.036072
-0.036256
-0.036413
-0.036650
-0.036856
-0.037077
-0.037387
-0.037835
-0.038316
-0.038699
-0.039159
-0.039656
-0.040008
-0.040261
-0.040505
-0.040768
-0.040974
-0.041106
-0.041295
-0.041599
-0.041972
-0.042384
-0.042829
-0.043326
-0.043825
-0.044282
-0.044706
-0.045133
-0.045588
-0.046031
-0.046482
-0.046959
-0.047387
-0.047770
-0.048140
-0.048529
-0.048923
-0.049288
-0.049646
-0.050007
-0.050350
-0.050617
-0.050812
-0.051034
-0.051297
-0.051553
-0.051837
-0.052175
-0.052557
-0.052905
-0.053190
-0.053500
-0.053802
-0.054057
-0.054254
-0.054441
-0.054660
-0.054864
-0.055059
-0.055269
-0.055519
-0.055786
-0.056026
-0.056252
-0.056478
-0.056695
-0.056883
-0.057043
-0.057209
-0.057373
-0.057507
-0.057637
-0.057776
-0.057911
-0.058038
-0.058161
-0.058302
-0.058459
-0.058622
-0.058779
-0.058926
-0.059068
-0.059231
-0.059402
-0.059557
-0.059716
-0.059874
-0.060013
-0.060127
-0.060225
-0.060319
-0.060402
-0.060477
-0.060561
-0.060653
-0.060737
-0.060820
-0.060900
-0.060974
-0.061039
-0.061098
-0.061154
-0.061203
-0.061243
-0.061289
-0.061335
-0.061371
-0.061401
-0.061425
-0.061442
-0.061454
-0.061466
-0.061488
-0.061505
-0.061510
