-0.061462
-0.061462
-0.061463
-0.061463
-0.061464
-0.061465
-0.061466
-0.061467
-0.061469
-0.061471
-0.061473
-0.061474
-0.061476
-0.061479
-0.061481
-0.061483
-0.061485
-0.061487
-0.061489
-0.061491
-0.061493
-0.061494
-0.061496
-0.061497
-0.061498
-0.061499
-0.061499
-0.061499
-0.061499
-0.061499
-0.061499
-0.061498
-0.061497
-0.061495
-0.061494
-0.061492
-0.061490
-0.061487
-0.061485
-0.061482
-0.061479
-0.061476
-0.061473
-0.061470
-0.061467
-0.061465
-0.061462
-0.061459
-0.061457
-0.061455
-0.061454
-0.061452
-0.061452
-0.061451
-0.061451
-0.061452
-0.061453
-0.061455
-0.061457
-0.061460
-0.061464
-0.061469
-0.061474
-0.061480
-0.061487
-0.061495
-0.061504
-0.061514
-0.061525
-0.061536
-0.061549
-0.061562
-0.061577
-0.061592
-0.061608
-0.061625
-0.061643
-0.061662
-0.061681
-0.061701
-0.061721
-0.061742
-0.061764
-0.061786
-0.061808
-0.061831
-0.061853
-0.061876
-0.061898
-0.061921
-0.061943
-0.061965
-0.061986
-0.062007
-0.062027
-0.062047
-0.062065
-0.062083
-0.062099
-0.062114
-0.062128
-0.062142
-0.062157
-0.062174
-0.062192
-0.062211
-0.062232
-0.062254
-0.062278
-0.062304
-0.062331
-0.062360
-0.062391
-0.062424
-0.062458
-0.062494
-0.062532
-0.062572
-0.062614
-0.062658
-0.062703
-0.062750
-0.062799
-0.062850
-0.062902
-0.062957
-0.063013
-0.063070
-0.063129
-0.063190
-0.063252
-0.063316
-0.063380
-0.063447
-0.063514
-0.063582
-0.063652
-0.063722
-0.063793
-0.063865
-0.063938
-0.064011
-0.064085
-0.064159
-0.064234
-0.064309
-0.064384
-0.064459
-0.064534
-0.064608
-0.064683
-0.064757
-0.064831
-0.064904
-0.064976
-0.065048
-0.065119
-0.065189
-0.065258
-0.065326
-0.065393
-0.065459
-0.065524
-0.065588
-0.065650
-0.065712
-0.065772
-0.065832
-0.065890
-0.065947
-0.066003
-0.066059
-0.066113
-0.066166
-0.066218
-0.066270
-0.066321
-0.066371
-0.066420
-0.066469
-0.066518
-0.066566
-0.066614
-0.066662
-0.066709
-0.066757
-0.066805
-0.066853
-0.066901
-0.066950
-0.066999
-0.067048
-0.067099
-0.067150
-0.067202
-0.067255
-0.067308
-0.067363
-0.067419
-0.067476
-0.067534
-0.067596
-0.067665
-0.067740
-0.067822
-0.067912
-0.068008
-0.068111
-0.068221
-0.068338
-0.068462
-0.068593
-0.068730
-0.068873
-0.069022
-0.069178
-0.069338
-0.069504
-0.069674
-0.069849
-0.070027
-0.070209
-0.070394
-0.070581
-0.070769
-0.070959
-0.071150
-0.071340
-0.071530
-0.071718
-0.071905
-0.072089
-0.072269
-0.072446
-0.072618
-0.072784
-0.072944
-0.073098
-0.073245
-0.073383
-0.073513
-0.073634
-0.073745
-0.073846
-0.073936
-0.074015
-0.074083
-0.074138
-0.074181
-0.074212
-0.074229
-0.074240
-0.074251
-0.074262
-0.074273
-0.074285
-0.074298
-0.074311
-0.074325
-0.074339
-0.074355
-0.074372
-0.074389
-0.074408
-0.074429
-0.074451
-0.074474
-0.074499
-0.074526
-0.074555
-0.074585
-0.074618
-0.074652
-0.074689
-0.074728
-0.074769
-0.074813
-0.074859
-0.074908
-0.074959
-0.075014
-0.075070
-0.075130
-0.075193
-0.075258
-0.075327
-0.075398
-0.075473
-0.075551
-0.075632
-0.075717
-0.075804
-0.075896
-0.075991
-0.076089
-0.076191
-0.076297
-0.076406
-0.076519
-0.076636
-0.076757
-0.076868
-0.076955
-0.077017
-0.077054
-0.077067
-0.077055
-0.077017
-0.076954
-0.076867
-0.076755
-0.076619
-0.076459
-0.076275
-0.076069
-0.075840
-0.075590
-0.075320
-0.075029
-0.074720
-0.074393
-0.074049
-0.073690
-0.073316
-0.072929
-0.072530
-0.072121
-0.071702
-0.071276
-0.070843
-0.070406
-0.069965
-0.069522
-0.069079
-0.068637
-0.068197
-0.067761
-0.067331
-0.066907
-0.066492
-0.066087
-0.065692
-0.065310
-0.064941
-0.064586
-0.064248
-0.063926
-0.063622
-0.063336
-0.063070
-0.062824
-0.062586
-0.062341
-0.062090
-0.061834
-0.061573
-0.061307
-0.061035
-0.060760
-0.060480
-0.060197
-0.059910
-0.059620
-0.059328
-0.059034
-0.058738
-0.058440
-0.058142
-0.057843
-0.057544
-0.057246
-0.056949
-0.056654
-0.056360
-0.056070
-0.055782
-0.055498
-0.055219
-0.054944
-0.054674
-0.054410
-0.054153
-0.053902
-0.053659
-0.053423
-0.053196
-0.052978
-0.052769
-0.052570
-0.052381
-0.052202
-0.052035
-0.051879
-0.051735
-0.051604
-0.051484
-0.051378
-0.051285
-0.051206
-0.051140
-0.051088
-0.051054
-0.051041
-0.051049
-0.051079
-0.051131
-0.051204
-0.051298
-0.051414
-0.051550
-0.051707
-0.051884
-0.052081
-0.052297
-0.052531
-0.052782
-0.053051
-0.053335
-0.053635
-0.053949
-0.054275
-0.054614
-0.054964
-0.055324
-0.055692
-0.056068
-0.056450
-0.056836
-0.057227
-0.057619
-0.058013
-0.058406
-0.058798
-0.059186
-0.059571
-0.059949
-0.060321
-0.060685
-0.061040
-0.061384
-0.061716
-0.062036
-0.062342
-0.062634
-0.062910
-0.063169
-0.063411
-0.063635
-0.063841
-0.064027
-0.064193
-0.064333
-0.064439
-0.064511
-0.064549
-0.064552
-0.064522
-0.064458
-0.064360
-0.064228
-0.064065
-0.063870
-0.063643
-0.063387
-0.063103
-0.062790
-0.062452
-0.062089
-0.061703
-0.061296
-0.060869
-0.060425
-0.059964
-0.059490
-0.059004
-0.058508
-0.058005
-0.057496
-0.056984
-0.056471
-0.055960
-0.055452
-0.054950
-0.054456
-0.053971
-0.053500
-0.053042
-0.052601
-0.052177
-0.051774
-0.051393
-0.051036
-0.050703
-0.050397
-0.050120
-0.049871
-0.049653
-0.049466
-0.049311
-0.049189
-0.049101
-0.049025
-0.048941
-0.048849
-0.048749
-0.048641
-0.048526
-0.048403
-0.048273
-0.048137
-0.047996
-0.047849
-0.047698
-0.047543
-0.047385
-0.047225
-0.047064
-0.046903
-0.046743
-0.046585
-0.046430
-0.046280
-0.046135
-0.045997
-0.045866
-0.045745
-0.045635
-0.045536
-0.045450
-0.045379
-0.045322
-0.045283
-0.045261
-0.045258
-0.045276
-0.045314
-0.045375
-0.045459
-0.045567
-0.045700
-0.045858
-0.046043
-0.046255
-0.046495
-0.046762
-0.047058
-0.047382
-0.047735
-0.048117
-0.048528
-0.048967
-0.049469
-0.050065
-0.050757
-0.051543
-0.052422
-0.053393
-0.054453
-0.055602
-0.056836
-0.058152
-0.059547
-0.061018
-0.062560
-0.064169
-0.065842
-0.067572
-0.069355
-0.071185
-0.073057
-0.074965
-0.076904
-0.078866
-0.080846
-0.082836
-0.084832
-0.086825
-0.088810
-0.090779
-0.092726
-0.094645
-0.096528
-0.098369
-0.100161
-0.101898
-0.103575
-0.105185
-0.106721
-0.108180
-0.109554
-0.110840
-0.112032
-0.113126
-0.114118
-0.115004
-0.115780
-0.116443
-0.116991
-0.117422
-0.117732
-0.117922
-0.118049
-0.118173
-0.118294
-0.118411
-0.118525
-0.118635
-0.118742
-0.118847
-0.118948
-0.119046
-0.119142
-0.119235
-0.119326
-0.119415
-0.119502
-0.119587
-0.119670
-0.119752
-0.119833
-0.119914
-0.119994
-0.120073
-0.120153
-0.120233
-0.120313
-0.120395
-0.120477
-0.120561
-0.120647
-0.120734
-0.120824
-0.120916
-0.121011
-0.121109
-0.121210
-0.121314
-0.121422
-0.121534
-0.121649
-0.121768
-0.121892
-0.122019
-0.122151
-0.122287
-0.122428
-0.122573
-0.122722
-0.122875
-0.123033
-0.123194
-0.123288
-0.123239
-0.123050
-0.122720
-0.122249
-0.121640
-0.120895
-0.120015
-0.119005
-0.117868
-0.116608
-0.115229
-0.113737
-0.112138
-0.110437
-0.108641
-0.106757
-0.104791
-0.102752
-0.100646
-0.098483
-0.096271
-0.094017
-0.091731
-0.089421
-0.087097
-0.084768
-0.082442
-0.080128
-0.077836
-0.075575
-0.073353
-0.071178
-0.069060
-0.067007
-0.065026
-0.063126
-0.061314
-0.059596
-0.057980
-0.056471
-0.055076
-0.053800
-0.052648
-0.051624
-0.050732
-0.049975
-0.049357
-0.048879
-0.048543
-0.048265
-0.047959
-0.047626
-0.047266
-0.046878
-0.046464
-0.046023
-0.045557
-0.045065
-0.044548
-0.044008
-0.043445
-0.042859
-0.042253
-0.041626
-0.040979
-0.040315
-0.039634
-0.038938
-0.038227
-0.037503
-0.036768
-0.036023
-0.035269
-0.034508
-0.033741
-0.032969
-0.032196
-0.031421
-0.030646
-0.029873
-0.029104
-0.028339
-0.027580
-0.026829
-0.026088
-0.025356
-0.024637
-0.023930
-0.023237
-0.022560
-0.021899
-0.021256
-0.020631
-0.020025
-0.019440
-0.018875
-0.018332
-0.017811
-0.017312
-0.016881
-0.016561
-0.016353
-0.016257
-0.016270
-0.016393
-0.016623
-0.016960
-0.017399
-0.017938
-0.018574
-0.019303
-0.020122
-0.021026
-0.022009
-0.023068
-0.024197
-0.025390
-0.026642
-0.027947
-0.029297
-0.030688
-0.032112
-0.033562
-0.035033
-0.036517
-0.038007
-0.039496
-0.040978
-0.042446
-0.043892
-0.045311
-0.046696
-0.048040
-0.049338
-0.050582
-0.051769
-0.052891
-0.053945
-0.054924
-0.055825
-0.056644
-0.057375
-0.058017
-0.058565
-0.059017
-0.059371
-0.059625
-0.059777
-0.059827
-0.059865
-0.059981
-0.060175
-0.060446
-0.060794
-0.061218
-0.061716
-0.062286
-0.062926
-0.063634
-0.064408
-0.065244
-0.066138
-0.067089
-0.068092
-0.069143
-0.070238
-0.071373
-0.072543
-0.073745
-0.074973
-0.076222
-0.077488
-0.078766
-0.080050
-0.081335
-0.082617
-0.083890
-0.085150
-0.086390
-0.087607
-0.088795
-0.089950
-0.091067
-0.092141
-0.093168
-0.094145
-0.095066
-0.095929
-0.096729
-0.097464
-0.098130
-0.098725
-0.099246
-0.099691
-0.100059
-0.100347
-0.100554
-0.100680
-0.100724
-0.100658
-0.100458
-0.100123
-0.099655
-0.099055
-0.098325
-0.097469
-0.096489
-0.095389
-0.094174
-0.092847
-0.091415
-0.089882
-0.088255
-0.086540
-0.084744
-0.082874
-0.080937
-0.078941
-0.076894
-0.074804
-0.072679
-0.070529
-0.068360
-0.066183
-0.064006
-0.061837
-0.059686
-0.057562
-0.055472
-0.053425
-0.051430
-0.049495
-0.047627
-0.045835
-0.044126
-0.042507
-0.040985
-0.039566
-0.038256
-0.037060
-0.035985
-0.035034
-0.034212
-0.033523
-0.032969
-0.032553
-0.032278
-0.032145
-0.032155
-0.032137
-0.031920
-0.031504
-0.030891
-0.030084
-0.029086
-0.027901
-0.026534
-0.024990
-0.023276
-0.021399
-0.019365
-0.017185
-0.014865
-0.012417
-0.009849
-0.007173
-0.004399
-0.001538
0.001397
0.004395
0.007443
0.010530
0.013641
0.016765
0.019888
0.022998
0.026082
0.029127
0.032121
0.035051
0.037904
0.040670
0.043335
0.045890
0.048324
0.050625
0.052785
0.054795
0.056644
0.058327
0.059834
0.061160
0.062299
0.063245
0.063994
0.064542
0.064887
0.065026
0.064958
0.064751
0.064473
0.064124
0.063706
0.063219
0.062664
0.062044
0.061360
0.060614
0.059810
0.058948
0.058033
0.057067
0.056055
0.054998
0.053901
0.052769
0.051604
0.050411
0.049194
0.047958
0.046708
0.045447
0.044180
0.042912
0.041648
0.040392
0.039149
0.037923
0.036719
0.035542
0.034395
0.033284
0.032212
0.031183
0.030201
0.029270
0.028392
0.027573
0.026814
0.026118
0.025489
0.024928
0.024437
0.024018
0.023674
0.023405
0.023212
0.023095
0.023057
0.022974
0.022728
0.022318
0.021747
0.021016
0.020127
0.019084
0.017891
0.016552
0.015071
0.013454
0.011706
0.009834
0.007845
0.005744
0.003541
0.001242
-0.001145
-0.003609
-0.006144
-0.008740
-0.011387
-0.014076
-0.016798
-0.019542
-0.022299
-0.025058
-0.027811
-0.030546
-0.033254
-0.035924
-0.038549
-0.041116
-0.043618
-0.046044
-0.048387
-0.050637
-0.052785
-0.054824
-0.056747
-0.058545
-0.060212
-0.061742
-0.063128
-0.064366
-0.065450
-0.066376
-0.067141
-0.067741
-0.068173
-0.068555
-0.069003
-0.069518
-0.070100
-0.070747
-0.071460
-0.072237
-0.073077
-0.073980
-0.074942
-0.075962
-0.077039
-0.078170
-0.079352
-0.080583
-0.081860
-0.083180
-0.084539
-0.085934
-0.087361
-0.088817
-0.090298
-0.091800
-0.093318
-0.094849
-0.096388
-0.097931
-0.099474
-0.101012
-0.102540
-0.104054
-0.105550
-0.107024
-0.108471
-0.109886
-0.111266
-0.112606
-0.113903
-0.115153
-0.116351
-0.117495
-0.118580
-0.119604
-0.120564
-0.121457
-0.122281
-0.123032
-0.123709
-0.124311
-0.124836
-0.125408
-0.126154
-0.127077
-0.128175
-0.129450
-0.130901
-0.132525
-0.134323
-0.136289
-0.138423
-0.140719
-0.143173
-0.145780
-0.148535
-0.151430
-0.154460
-0.157617
-0.160893
-0.164280
-0.167768
-0.171349
-0.175012
-0.178749
-0.182547
-0.186398
-0.190289
-0.194210
-0.198149
-0.202095
-0.206036
-0.209961
-0.213857
-0.217715
-0.221521
-0.225265
-0.228936
-0.232522
-0.236013
-0.239399
-0.242670
-0.245815
-0.248827
-0.251696
-0.254414
-0.256974
-0.259369
-0.261592
-0.263637
-0.265500
-0.267177
-0.268755
-0.270328
-0.271892
-0.273449
-0.274998
-0.276537
-0.278067
-0.279586
-0.281096
-0.282594
-0.284081
-0.285556
-0.287020
-0.288471
-0.289910
-0.291337
-0.292752
-0.294153
-0.295542
-0.296919
-0.298283
-0.299634
-0.300973
-0.302300
-0.303614
-0.304917
-0.306207
-0.307486
-0.308754
-0.310010
-0.311256
-0.312490
-0.313715
-0.314928
-0.316132
-0.317326
-0.318511
-0.319686
-0.320852
-0.322009
-0.323157
-0.324296
-0.325427
-0.326549
-0.327663
-0.328768
-0.329865
-0.330953
-0.332033
-0.333104
-0.334023
-0.334643
-0.334962
-0.334981
-0.334700
-0.334120
-0.333246
-0.332080
-0.330629
-0.328899
-0.326898
-0.324635
-0.322121
-0.319366
-0.316383
-0.313185
-0.309787
-0.306203
-0.302450
-0.298544
-0.294504
-0.290346
-0.286091
-0.281756
-0.277363
-0.272932
-0.268481
-0.264033
-0.259608
-0.255227
-0.250910
-0.246678
-0.242551
-0.238549
-0.234693
-0.231000
-0.227490
-0.224180
-0.221088
-0.218230
-0.215621
-0.213276
-0.211208
-0.209431
-0.207955
-0.206790
-0.205945
-0.205429
-0.205246
-0.205402
-0.205790
-0.206300
-0.206932
-0.207686
-0.208561
-0.209555
-0.210665
-0.211889
-0.213224
-0.214665
-0.216208
-0.217849
-0.219581
-0.221400
-0.223299
-0.225271
-0.227309
-0.229406
-0.231553
-0.233743
-0.235967
-0.238217
-0.240483
-0.242757
-0.245029
-0.247290
-0.249530
-0.251740
-0.253910
-0.256032
-0.258095
-0.260090
-0.262008
-0.263840
-0.265578
-0.267213
-0.268736
-0.270141
-0.271419
-0.272563
-0.273567
-0.274424
-0.275130
-0.275678
-0.276064
-0.276284
-0.276333
-0.276211
-0.275913
-0.275439
-0.274973
-0.274703
-0.274628
-0.274750
-0.275065
-0.275573
-0.276270
-0.277153
-0.278218
-0.279460
-0.280873
-0.282450
-0.284186
-0.286071
-0.288098
-0.290258
-0.292541
-0.294937
-0.297437
-0.300029
-0.302702
-0.305444
-0.308244
-0.311090
-0.313970
-0.316870
-0.319779
-0.322684
-0.325572
-0.328432
-0.331250
-0.334015
-0.336714
-0.339336
-0.341870
-0.344304
-0.346628
-0.348832
-0.350906
-0.352841
-0.354628
-0.356259
-0.357727
-0.359025
-0.360148
-0.361090
-0.361847
-0.362414
-0.362790
-0.362971
-0.362895
-0.362501
-0.361789
-0.360761
-0.359420
-0.357771
-0.355820
-0.353574
-0.351040
-0.348230
-0.345153
-0.341821
-0.338247
-0.334445
-0.330430
-0.326217
-0.321824
-0.317267
-0.312565
-0.307736
-0.302799
-0.297774
-0.292682
-0.287542
-0.282375
-0.277202
-0.272044
-0.266922
-0.261855
-0.256865
-0.251971
-0.247194
-0.242552
-0.238065
-0.233751
-0.229626
-0.225709
-0.222014
-0.218556
-0.215350
-0.212409
-0.209745
-0.207367
-0.205287
-0.203513
-0.202051
-0.200907
-0.200088
-0.199594
-0.199430
-0.199237
-0.198662
-0.197705
-0.196371
-0.194665
-0.192593
-0.190163
-0.187385
-0.184269
-0.180828
-0.177075
-0.173025
-0.168692
-0.164094
-0.159249
-0.154175
-0.148892
-0.143420
-0.137780
-0.131994
-0.126084
-0.120072
-0.113982
-0.107838
-0.101661
-0.095476
-0.089307
-0.083176
-0.077107
-0.071123
-0.065245
-0.059497
-0.053900
-0.048473
-0.043238
-0.038214
-0.033418
-0.028869
-0.024582
-0.020573
-0.016856
-0.013443
-0.010347
-0.007578
-0.005144
-0.003054
-0.001313
0.000074
0.001104
0.001774
0.002222
0.002586
0.002866
0.003063
0.003178
0.003213
0.003169
0.003049
0.002855
0.002590
0.002257
0.001860
0.001403
0.000888
0.000321
-0.000295
-0.000954
-0.001653
-0.002385
-0.003146
-0.003932
-0.004735
-0.005552
-0.006377
-0.007204
-0.008029
-0.008844
-0.009647
-0.010429
-0.011188
-0.011917
-0.012612
-0.013267
-0.013879
-0.014441
-0.014952
-0.015405
-0.015797
-0.016125
-0.016386
-0.016575
-0.016692
-0.016732
-0.016695
-0.016577
-0.016379
-0.016098
-0.015734
-0.015286
-0.014754
-0.014418
-0.014555
-0.015161
-0.016230
-0.017754
-0.019723
-0.022126
-0.024950
-0.028179
-0.031797
-0.035786
-0.040126
-0.044796
-0.049774
-0.055036
-0.060558
-0.066314
-0.072277
-0.078421
-0.084716
-0.091135
-0.097649
-0.104227
-0.110841
-0.117461
-0.124057
-0.130599
-0.137059
-0.143408
-0.149617
-0.155659
-0.161506
-0.167132
-0.172513
-0.177624
-0.182442
-0.186946
-0.191114
-0.194928
-0.198370
-0.201423
-0.204075
-0.206311
-0.208120
-0.209494
-0.210425
-0.210906
-0.210933
-0.210506
-0.209622
-0.208678
-0.208067
-0.207785
-0.207828
-0.208193
-0.208872
-0.209857
-0.211141
-0.212712
-0.214560
-0.216673
-0.219039
-0.221643
-0.224470
-0.227506
-0.230733
-0.234135
-0.237694
-0.241393
-0.245213
-0.249135
-0.253140
-0.257208
-0.261321
-0.265458
-0.269601
-0.273729
-0.277825
-0.281867
-0.285839
-0.289722
-0.293498
-0.297150
-0.300661
-0.304016
-0.307199
-0.310197
-0.312994
-0.315580
-0.317943
-0.320071
-0.321955
-0.323587
-0.324959
-0.326065
-0.326900
-0.327460
-0.327741
-0.327744
-0.327466
-0.327103
-0.326849
-0.326704
-0.326664
-0.326729
-0.326895
-0.327159
-0.327516
-0.327964
-0.328497
-0.329111
-0.329800
-0.330557
-0.331378
-0.332256
-0.333184
-0.334155
-0.335162
-0.336197
-0.337254
-0.338325
-0.339401
-0.340476
-0.341541
-0.342589
-0.343612
-0.344602
-0.345552
-0.346454
-0.347301
-0.348087
-0.348804
-0.349446
-0.350006
-0.350480
-0.350860
-0.351143
-0.351322
-0.351395
-0.351356
-0.351202
-0.350931
-0.350539
-0.350024
-0.349386
-0.348622
-0.347732
-0.346717
-0.345576
-0.344311
-0.342967
-0.341589
-0.340181
-0.338742
-0.337276
-0.335784
-0.334268
-0.332730
-0.331174
-0.329601
-0.328014
-0.326416
-0.324809
-0.323198
-0.321584
-0.319971
-0.318362
-0.316761
-0.315170
-0.313593
-0.312032
-0.310493
-0.308977
-0.307488
-0.306030
-0.304605
-0.303217
-0.301869
-0.300564
-0.299305
-0.298095
-0.296937
-0.295833
-0.294787
-0.293800
-0.292875
-0.292014
-0.291220
-0.290494
-0.289837
-0.289252
-0.288740
-0.288302
-0.287939
-0.287652
-0.287442
-0.287309
-0.287253
-0.287275
-0.287375
-0.287370
-0.287082
-0.286511
-0.285662
-0.284539
-0.283148
-0.281493
-0.279583
-0.277424
-0.275026
-0.272398
-0.269549
-0.266491
-0.263235
-0.259793
-0.256177
-0.252400
-0.248476
-0.244419
-0.240243
-0.235963
-0.231592
-0.227147
-0.222643
-0.218094
-0.213515
-0.208923
-0.204331
-0.199756
-0.195211
-0.190712
-0.186272
-0.181906
-0.177626
-0.173447
-0.169380
-0.165437
-0.161630
-0.157970
-0.154467
-0.151130
-0.147969
-0.144991
-0.142203
-0.139612
-0.137224
-0.135043
-0.133074
-0.131320
-0.129782
-0.128323
-0.126802
-0.125222
-0.123584
-0.121892
-0.120148
-0.118354
-0.116515
-0.114633
-0.112711
-0.110754
-0.108766
-0.106749
-0.104709
-0.102649
-0.100574
-0.098489
-0.096398
-0.094306
-0.092217
-0.090137
-0.088069
-0.086020
-0.086020
-0.086020
-0.086020
-0.086020
-0.086020
-0.086020
-0.086020
-0.086020
-0.086020
-0.086020
-0.086020
-0.086020
-0.086020
-0.086020
-0.086020
-0.086020
-0.086020
-0.086020
-0.086020
-0.086020
-0.086020
-0.086020
-0.086020
-0.086020
-0.086020
-0.086020
-0.086020
-0.086020
-0.086020
-0.086020
-0.086020
-0.086020
-0.086020
-0.086020
-0.086020
-0.086020
-0.086020
-0.086020
-0.086020
-0.086020
-0.086020
-0.086020
-0.086020
-0.086020
-0.086020
-0.086020
-0.086020
-0.086020
-0.086020
-0.086020
-0.086020
-0.086020
-0.086020
-0.086020
-0.086020
-0.086020
-0.086020
-0.086020
-0.086020
-0.086020
-0.086020
-0.086020
-0.086020
-0.086020
-0.086020
-0.086020
-0.086020
-0.086020
-0.086020
-0.086020
-0.086020
-0.086020
-0.086020
-0.086020
-0.086020
-0.086020
-0.086020
-0.086020
-0.086020
-0.086020
-0.086020
-0.086020
-0.086020
-0.086020
-0.086020
-0.086020
-0.086020
-0.086020
-0.086020
-0.086020
-0.086020
-0.086020
-0.086020
-0.086020
-0.086020
-0.086020
-0.086020
-0.086020
-0.086020
-0.086020
-0.086020
-0.086020
-0.086020
-0.086020
-0.086020
-0.086020
-0.086020
-0.086020
-0.086020
-0.086020
-0.086020
-0.086020
-0.086020
-0.086020
-0.086020
-0.086020
-0.086020
-0.086020
-0.086020
-0.086020
-0.086020
-0.086020
-0.086020
-0.086020
-0.086020
-0.086020
-0.086020
-0.086020
-0.086020
-0.086020
-0.086020
-0.086020
-0.086020
-0.086020
-0.086020
-0.086020
-0.086020
-0.086020
-0.086020
-0.086020
-0.086020
-0.086020
-0.086020
-0.086020
-0.086020
-0.086020
-0.086020
-0.086020
-0.086020
-0.086020
-0.086020
-0.086020
-0.086020
-0.086020
-0.086020
-0.086020
-0.086020
-0.086020
-0.086020
-0.086020
-0.086020
-0.086020
-0.086020
-0.086020
-0.086020
-0.086020
-0.086020
-0.086020
-0.086020
-0.086020
-0.086020
-0.086020
-0.086020
-0.086020
-0.086020
-0.086020
-0.086020
-0.086020
-0.086020
-0.086020
-0.086020
-0.086020
-0.086020
-0.086020
-0.086020
-0.086020
-0.086020
-0.086020
-0.086020
-0.086020
-0.086020
-0.086020
-0.086020
-0.086020
-0.086020
-0.086020
-0.086020
-0.086020
-0.086020
-0.086020
-0.086020
-0.086020
-0.086020
-0.086020
-0.086020
-0.086020
-0.086020
-0.086020
-0.086020
-0.086020
-0.086020
-0.086020
-0.086020
-0.086020
-0.086020
-0.086020
-0.086020
-0.086020
-0.086020
-0.086020
-0.086020
-0.086020
-0.086020
-0.086020
-0.086020
-0.086020
