0.047351
0.047359
0.047382
0.047421
0.047475
0.047544
0.047629
0.047729
0.047845
0.047976
0.048122
0.048284
0.048461
0.048653
0.048861
0.049084
0.049323
0.049577
0.049846
0.050130
0.050429
0.050744
0.051074
0.051419
0.051780
0.052155
0.052546
0.052952
0.053372
0.053808
0.054259
0.054725
0.055206
0.055701
0.056212
0.056738
0.057278
0.057833
0.058403
0.058988
0.059587
0.060201
0.060830
0.061473
0.062131
0.062804
0.063490
0.064192
0.064907
0.065637
0.066382
0.067140
0.067913
0.068700
0.069501
0.070316
0.071145
0.071988
0.072845
0.073715
0.074600
0.075498
0.076410
0.077336
0.078275
0.079227
0.080194
0.081173
0.082166
0.083172
0.084191
0.085224
0.086270
0.087328
0.088400
0.089484
0.090581
0.091691
0.092814
0.093949
0.095097
0.096258
0.097430
0.098615
0.099813
0.101022
0.102244
0.103478
0.104723
0.105981
0.107250
0.108531
0.109824
0.111128
0.112444
0.113771
0.115109
0.116459
0.117820
0.119192
0.120575
0.121969
0.123373
0.124789
0.126215
0.127651
0.129098
0.130556
0.132024
0.133501
0.134989
0.136488
0.137996
0.139513
0.141041
0.142578
0.144125
0.145681
0.147246
0.148821
0.150405
0.151998
0.153600
0.155211
0.156831
0.158459
0.160096
0.161741
0.163395
0.165057
0.166727
0.168405
0.170091
0.171785
0.173487
0.175196
0.176913
0.178637
0.180369
0.182108
0.183854
0.185607
0.187367
0.189133
0.190907
0.192687
0.194473
0.196266
0.198065
0.199870
0.201681
0.203498
0.205320
0.207149
0.208983
0.210822
0.212667
0.214517
0.216372
0.218071
0.217093
0.216057
0.214978
0.213874
0.212764
0.211666
0.210601
0.209587
0.208645
0.207793
0.207049
0.206429
0.205949
0.205622
0.205459
0.205469
0.205533
0.205527
0.205448
0.205297
0.205074
0.204781
0.204421
0.203998
0.203517
0.202984
0.202407
0.201793
0.201151
0.200490
0.199819
0.199148
0.198487
0.197846
0.197232
0.196656
0.196125
0.195647
0.195227
0.194872
0.194585
0.194375
0.194252
0.194216
0.194268
0.194406
0.194628
0.194932
0.195314
0.195769
0.196290
0.196873
0.197508
0.198190
0.198909
0.199657
0.200425
0.201203
0.201984
0.202758
0.203517
0.204251
0.204954
0.205618
0.206237
0.206804
0.207373
0.207999
0.208679
0.209408
0.210183
0.210998
0.211847
0.212721
0.213614
0.214517
0.215420
0.216315
0.217191
0.218039
0.218847
0.219607
0.220307
0.220939
0.221493
0.221960
0.222333
0.222604
0.222767
0.222816
0.222747
0.222648
0.222607
0.222625
0.222701
0.222833
0.223017
0.223250
0.223527
0.223843
0.224189
0.224561
0.224949
0.225346
0.225743
0.226132
0.226503
0.226850
0.227163
0.227434
0.227656
0.227824
0.227930
0.227969
0.227939
0.227836
0.227746
0.227758
0.227873
0.228088
0.228401
0.228806
0.229299
0.229870
0.230511
0.231213
0.231963
0.232751
0.233562
0.234385
0.235206
0.236011
0.236788
0.237523
0.238204
0.238820
0.239360
0.239817
0.240180
0.240446
0.240608
0.240577
0.240263
0.239666
0.238790
0.237641
0.236230
0.234569
0.232675
0.230568
0.228269
0.225803
0.223194
0.220472
0.217664
0.214801
0.211911
0.209024
0.206171
0.203378
0.200673
0.198081
0.195624
0.193324
0.191197
0.189259
0.187344
0.185282
0.183081
0.180749
0.178299
0.175743
0.173099
0.170382
0.167613
0.164811
0.161999
0.159197
0.156431
0.153722
0.151095
0.148573
0.146178
0.143933
0.141857
0.139970
0.138289
0.136829
0.135605
0.134626
0.133901
0.133516
0.133553
0.134008
0.134870
0.136119
0.137731
0.139672
0.141904
0.144383
0.147060
0.149881
0.152790
0.155728
0.158635
0.161448
0.164107
0.166554
0.168730
0.170583
0.172064
0.173128
0.173737
0.173861
0.173475
0.172562
0.171472
0.170564
0.169839
0.169297
0.168932
0.168739
0.168708
0.168827
0.169082
0.169456
0.169933
0.170492
0.171114
0.171776
0.172458
0.173139
0.173796
0.174411
0.174962
0.175434
0.175809
0.176075
0.176219
0.176232
0.176109
0.175558
0.174290
0.172312
0.169645
0.166322
0.162384
0.157885
0.152888
0.147465
0.141696
0.135667
0.129470
0.123199
0.116953
0.110830
0.104927
0.099339
0.094157
0.089468
0.085349
0.081872
0.079096
0.077073
0.075842
0.075430
0.075188
0.074455
0.073235
0.071539
0.069386
0.066802
0.063821
0.060483
0.056833
0.052921
0.048804
0.044540
0.040190
0.035816
0.031483
0.027252
0.023186
0.019343
0.015779
0.012544
0.009685
0.007240
0.005244
0.003721
0.002689
0.002234
0.002435
0.003283
0.004760
0.006839
0.009483
0.012646
0.016273
0.020305
0.024671
0.029300
0.034112
0.039028
0.043963
0.048835
0.053561
0.058060
0.062254
0.066071
0.069442
0.072308
0.074616
0.076321
0.077389
0.077794
0.078061
0.078720
0.079766
0.081183
0.082953
0.085049
0.087441
0.090093
0.092964
0.096009
0.099182
0.102431
0.105705
0.108951
0.112115
0.115145
0.117990
0.120600
0.122931
0.124940
0.126590
0.127847
0.128686
0.129085
0.129029
0.128402
0.127094
0.125114
0.122484
0.119235
0.115410
0.111060
0.106245
0.101034
0.095503
0.089732
0.083806
0.077815
0.071849
0.065999
0.060353
0.054998
0.050018
0.045490
0.041483
0.038062
0.035280
0.033180
0.031796
0.031151
0.030865
0.030551
0.030206
0.029830
0.029419
0.028973
0.028492
0.027974
0.027418
0.026825
0.026195
0.025527
0.024822
0.024080
0.023303
0.022490
0.021642
0.020760
0.019845
0.018898
0.017920
0.016910
0.015870
0.014801
0.013702
0.013043
0.013288
0.014426
0.016430
0.019260
0.022865
0.027180
0.032131
0.037632
0.043591
0.049907
0.056474
0.063182
0.069920
0.076574
0.083034
0.089191
0.094942
0.100190
0.104847
0.108832
0.112076
0.114523
0.116128
0.116860
0.117027
0.116954
0.116639
0.116089
0.115311
0.114318
0.113126
0.111754
0.110224
0.108560
0.106790
0.104942
0.103044
0.101128
0.099223
0.097361
0.095569
0.093877
0.092309
0.090891
0.089643
0.088584
0.087728
0.087087
0.086669
0.086172
0.085294
0.084039
0.082416
0.080440
0.078129
0.075504
0.072592
0.069422
0.066028
0.062444
0.058708
0.054859
0.050935
0.046977
0.043026
0.039119
0.035295
0.031590
0.028037
0.024666
0.021506
0.018579
0.015906
0.013501
0.011736
0.010973
0.011203
0.012399
0.014519
0.017508
0.021296
0.025802
0.030930
0.036579
0.042638
0.048988
0.055508
0.062075
0.068564
0.074852
0.080821
0.086357
0.091356
0.095720
0.099365
0.102216
0.104217
0.105320
0.105497
0.105152
0.104698
0.104137
0.103471
0.102701
0.101833
0.100869
0.099816
0.098678
0.097463
0.096176
0.094827
0.093421
0.091969
0.090477
0.088955
0.087411
0.085853
0.084290
0.082730
0.081180
0.079648
0.078140
0.076664
0.075224
0.073255
0.070198
0.066075
0.060930
0.054821
0.047822
0.040022
0.031523
0.022440
0.012895
0.003022
-0.007041
-0.017152
-0.027165
-0.036938
-0.046328
-0.055198
-0.063420
-0.070872
-0.077445
-0.083042
-0.087579
-0.090990
-0.093224
-0.094248
-0.094212
-0.093283
-0.091474
-0.088807
-0.085316
-0.081045
-0.076048
-0.070386
-0.064130
-0.057355
-0.050145
-0.042586
-0.034768
-0.026782
-0.018722
-0.010679
-0.002744
0.004999
0.012466
0.019583
0.026278
0.032492
0.038170
0.043270
0.047757
0.052525
0.058471
0.065555
0.073721
0.082895
0.092985
0.103887
0.115479
0.127629
0.140194
0.153024
0.165962
0.178846
0.191515
0.203807
0.215565
0.226636
0.236877
0.246154
0.254347
0.261347
0.267063
0.271423
0.274369
0.275867
0.276850
0.278267
0.280110
0.282364
0.285012
0.288029
0.291386
0.295049
0.298980
0.303138
0.307479
0.311957
0.316524
0.321131
0.325729
0.330270
0.334708
0.338996
0.343094
0.346961
0.350563
0.353869
0.356852
0.359491
0.361770
0.363647
0.365082
0.366079
0.366646
0.366800
0.366561
0.365956
0.365018
0.363784
0.362295
0.360596
0.358732
0.356754
0.354710
0.352649
0.350621
0.348674
0.346851
0.345194
0.343742
0.342527
0.341578
0.340919
0.340565
0.340527
0.339917
0.337851
0.334352
0.329463
0.323246
0.315778
0.307156
0.297487
0.286895
0.275513
0.263485
0.250961
0.238096
0.225048
0.211977
0.199038
0.186385
0.174163
0.162509
0.151551
0.141404
0.132167
0.123927
0.116753
0.110697
0.105151
0.099499
0.093766
0.087978
0.082162
0.076348
0.070567
0.064851
0.059232
0.053743
0.048418
0.043289
0.038390
0.033753
0.029408
0.025385
0.021712
0.018415
0.015518
0.013043
0.011007
0.009426
0.008314
0.007679
0.007528
0.008038
0.009378
0.011526
0.014445
0.018084
0.022378
0.027248
0.032604
0.038348
0.044370
0.050557
0.056788
0.062942
0.068894
0.074524
0.079712
0.084346
0.088319
0.091536
0.093908
0.095364
0.095842
0.095297
0.093699
0.091035
0.088179
0.086011
0.084531
0.083726
0.083574
0.084042
0.085090
0.086667
0.088718
0.091179
0.093981
0.097052
0.100317
0.103699
0.107121
0.110507
0.113786
0.116886
0.119744
0.122302
0.124508
0.126319
0.127700
0.128626
0.129081
0.128775
0.127435
0.125086
0.121775
0.117565
0.112538
0.106790
0.100431
0.093583
0.086381
0.078964
0.071480
0.064079
0.056912
0.050127
0.043871
0.038280
0.033486
0.029605
0.026744
0.024991
0.024421
0.025088
0.027029
0.030260
0.033412
0.035114
0.035383
0.034259
0.031801
0.028089
0.023224
0.017321
0.010512
0.002941
-0.005236
-0.013857
-0.022755
-0.031759
-0.040700
-0.049411
-0.057732
-0.065511
-0.072607
-0.078895
-0.084262
-0.088614
-0.091877
-0.093994
-0.094933
-0.095066
-0.094780
-0.094082
-0.092983
-0.091498
-0.089649
-0.087461
-0.084961
-0.082182
-0.079157
-0.075924
-0.072523
-0.068992
-0.065373
-0.061707
-0.058035
-0.054395
-0.050827
-0.047367
-0.044048
-0.040900
-0.037951
-0.035226
-0.032742
-0.030516
-0.028231
-0.025567
-0.022544
-0.019185
-0.015519
-0.011580
-0.007408
-0.003044
0.001463
0.006063
0.010706
0.015336
0.019901
0.024345
0.028614
0.032657
0.036424
0.039868
0.042946
0.045620
0.047855
0.049623
0.050903
0.051677
0.051937
0.052126
0.052691
0.053619
0.054888
0.056469
0.058327
0.060417
0.062691
0.065094
0.067566
0.070046
0.072469
0.074767
0.076875
0.078728
0.080262
0.081417
0.082137
0.082372
0.082077
0.081216
0.079759
0.077684
0.074981
0.071645
0.068488
0.066322
0.065142
0.064931
0.065655
0.067266
0.069706
0.072901
0.076770
0.081219
0.086149
0.091452
0.097019
0.102736
0.108489
0.114165
0.119654
0.124851
0.129658
0.133984
0.137748
0.140883
0.143330
0.145046
0.146002
0.146400
0.146452
0.146164
0.145545
0.144610
0.143378
0.141873
0.140123
0.138162
0.136023
0.133745
0.131370
0.128938
0.126493
0.124078
0.121736
0.119509
0.117437
0.115557
0.113904
0.112508
0.111398
0.110593
0.110114
0.109970
0.109126
0.106539
0.102231
0.096249
0.088666
0.079581
0.069118
0.057422
0.044656
0.031006
0.016667
0.001850
-0.013227
-0.028340
-0.043263
-0.057771
-0.071647
-0.084678
-0.096668
-0.107432
-0.116807
-0.124647
-0.130833
-0.135270
-0.137890
-0.139898
-0.142526
-0.145762
-0.149579
-0.153937
-0.158781
-0.164048
-0.169659
-0.175527
-0.181558
-0.187648
-0.193687
-0.199564
-0.205164
-0.210373
-0.215076
-0.219167
-0.222540
-0.225102
-0.226767
-0.227459
-0.227116
-0.225690
-0.223149
-0.219476
-0.215127
-0.210580
-0.205859
-0.200992
-0.196010
-0.190945
-0.185832
-0.180709
-0.175614
-0.170588
-0.165672
-0.160908
-0.156337
-0.152003
-0.147946
-0.144208
-0.140827
-0.137841
-0.135284
-0.133190
-0.131589
-0.130505
-0.129964
-0.129982
-0.130576
-0.130638
-0.129055
-0.125845
-0.121055
-0.114760
-0.107060
-0.098079
-0.087964
-0.076884
-0.065025
-0.052589
-0.039790
-0.026851
-0.014000
-0.001469
0.010516
0.021729
0.031959
0.041004
0.048679
0.054818
0.059279
0.061942
0.062717
0.061538
0.061332
0.065057
0.072677
0.084093
0.099146
0.117615
0.139225
0.163650
0.190513
0.219398
0.249853
0.281398
0.313531
0.345740
0.377504
0.408310
0.437653
0.465051
0.490049
0.512226
0.531207
0.546664
0.558322
0.565968
0.569452
0.570604
0.571317
0.571594
0.571438
0.570858
0.569868
0.568482
0.566721
0.564607
0.562167
0.559427
0.556419
0.553174
0.549726
0.546108
0.542355
0.538501
0.534579
0.530623
0.526663
0.522729
0.518848
0.515045
0.511341
0.507755
0.501694
0.490564
0.474444
0.453492
0.427941
0.398100
0.364347
0.327126
0.286937
0.244331
0.199902
0.154275
0.108102
0.062046
0.016773
-0.027058
-0.068804
-0.107854
-0.143632
-0.175610
-0.203315
-0.226340
-0.244345
-0.257070
-0.264333
-0.269478
-0.275920
-0.283624
-0.292531
-0.302554
-0.313578
-0.325469
-0.338066
-0.351192
-0.364653
-0.378241
-0.391739
-0.404923
-0.417567
-0.429445
-0.440337
-0.450032
-0.458332
-0.465055
-0.470037
-0.473139
-0.474246
-0.473271
-0.470156
-0.464877
-0.457431
-0.447850
-0.436207
-0.422605
-0.407179
-0.390094
-0.371543
-0.351744
-0.330936
-0.309380
-0.287349
-0.265129
-0.243014
-0.221300
-0.200283
-0.180251
-0.161485
-0.144250
-0.128793
-0.115339
-0.104089
-0.095214
-0.088853
-0.085114
-0.084069
-0.083416
-0.080836
-0.076366
-0.070074
-0.062063
-0.052462
-0.041430
-0.029150
-0.015830
-0.001695
0.013013
0.028041
0.043127
0.058006
0.072413
0.086088
0.098778
0.110246
0.120270
0.128649
0.135206
0.139789
0.142278
0.142582
0.140645
0.136254
0.129234
0.119637
0.107556
0.093124
0.076509
0.057912
0.037568
0.015736
-0.007298
-0.031232
-0.055747
-0.080517
-0.105211
-0.129497
-0.153051
-0.175561
-0.196730
-0.216281
-0.233965
-0.249558
-0.262874
-0.273758
-0.282097
-0.287815
-0.293577
-0.302062
-0.313222
-0.326974
-0.343204
-0.361765
-0.382482
-0.405151
-0.429547
-0.455423
-0.482513
-0.510542
-0.539221
-0.568261
-0.597368
-0.626254
-0.654636
-0.682245
-0.708825
-0.734140
-0.757976
-0.780143
-0.800479
-0.818851
-0.835158
-0.848252
-0.857037
-0.861554
-0.861911
-0.858279
-0.850889
-0.840026
-0.826028
-0.809273
-0.790183
-0.769206
-0.746816
-0.723499
-0.699753
-0.676069
-0.652932
-0.630809
-0.610141
-0.591334
-0.574759
-0.560737
-0.549541
-0.541386
-0.536429
-0.534766
-0.534355
-0.533126
-0.531090
-0.528264
-0.524672
-0.520346
-0.515323
-0.509645
-0.503360
-0.496519
-0.489179
-0.481398
-0.473237
-0.464760
-0.456028
-0.447107
-0.438059
-0.428945
-0.419825
-0.410754
-0.401788
-0.392973
-0.384356
-0.375977
-0.367870
-0.361466
-0.358168
-0.357925
-0.360640
-0.366169
-0.374323
-0.384875
-0.397559
-0.412077
-0.428107
-0.445303
-0.463302
-0.481735
-0.500225
-0.518402
-0.535900
-0.552372
-0.567487
-0.580942
-0.592466
-0.601820
-0.608805
-0.613265
-0.615088
-0.614206
-0.609499
-0.599905
-0.585535
-0.566569
-0.543248
-0.515873
-0.484805
-0.450449
-0.413257
-0.373717
-0.332347
-0.289685
-0.246284
-0.202700
-0.159487
-0.117186
-0.076318
-0.037378
-0.000823
0.032928
0.063507
0.090598
0.113942
0.133340
0.148659
0.165155
0.188054
0.217141
0.252101
0.292526
0.337919
0.387703
0.441228
0.497781
0.556600
0.616880
0.677792
0.726494
0.726026
0.725553
0.725075
0.724592
0.724105
0.723612
0.723115
0.722613
0.722106
0.721594
0.721078
0.720557
0.720031
0.719500
0.718964
0.718424
0.717880
0.717330
0.716776
0.716217
0.715654
0.715086
0.714513
0.713936
0.713354
0.712768
0.712177
0.711581
0.710981
0.710377
0.709768
0.709155
0.708537
0.707915
0.707288
0.706657
0.706022
0.705383
0.704738
0.704090
0.703438
0.702781
0.702120
0.701454
0.700785
0.700111
0.699433
0.698750
0.698064
0.697374
0.696679
0.695980
0.695278
0.694571
0.693860
0.693145
0.692426
0.691704
0.690977
0.690246
0.689511
0.688773
0.688030
0.687284
0.686534
0.685780
0.685022
0.684261
0.683496
0.682727
0.681954
0.681178
0.680398
0.679614
0.678827
0.678036
0.677241
0.676443
0.675641
0.674836
0.674028
0.673216
0.672400
0.671581
0.670759
0.669933
0.669104
0.668271
0.667436
0.666596
0.665754
0.664909
0.664060
0.663208
0.662353
0.661494
0.660633
0.659768
0.658900
0.658030
0.657156
0.656279
0.655400
0.654517
0.653631
0.652743
0.651851
0.650957
0.650060
0.649160
0.648257
0.647352
0.646443
0.645532
0.644619
0.643702
0.642783
0.641862
0.640937
0.640011
0.639081
0.638150
0.637215
0.636279
0.635339
0.634398
0.633454
0.632507
0.631559
0.630608
0.629654
0.628699
0.627741
0.626781
0.625819
0.624855
0.623888
0.622920
0.621949
0.620976
0.620002
0.619025
0.618046
0.617066
0.616083
0.615099
0.614113
0.613125
0.602252
0.585504
0.569303
0.553858
0.539372
0.526035
0.514026
0.503506
0.494621
0.487493
0.482224
0.478892
0.477550
0.478225
0.479067
0.478236
0.475778
0.471761
0.466280
0.459447
0.451399
0.442289
0.432285
0.421568
0.410328
0.398765
0.387080
0.375474
0.364147
0.353293
0.343097
0.333731
0.325355
0.318111
0.312122
0.307490
0.304296
0.302595
0.302421
0.302292
0.300734
0.297788
0.293517
0.288003
0.281348
0.273669
0.265101
0.255789
0.245893
0.235577
0.225013
0.214377
0.203842
0.193583
0.183765
0.174549
0.166084
0.158508
0.151943
0.146494
0.142250
0.139280
0.137630
0.137329
0.137429
0.136983
0.136014
0.134554
0.132650
0.130358
0.127746
0.124890
0.121871
0.118780
0.115711
0.112758
0.110020
0.107594
0.105574
0.104049
0.103105
0.102819
0.103258
0.104482
0.106537
0.109458
0.113267
0.117973
0.123568
0.129465
0.135072
0.140371
0.145347
0.149992
0.154297
0.158261
0.161883
0.165167
0.168118
0.170745
0.173057
0.175067
0.176787
0.178232
0.179416
0.180353
0.181057
0.181543
0.181821
0.181905
0.181803
0.181524
0.181074
0.180457
0.180224
0.180916
0.182515
0.184990
0.188302
0.192399
0.197220
0.202698
0.208755
0.215310
0.222273
0.229553
0.237057
0.244688
0.252352
0.259954
0.267405
0.274617
0.281510
0.288008
0.294045
0.299562
0.304509
0.308846
0.312543
0.316829
0.322921
0.330760
0.340259
0.351305
0.363760
0.377463
0.392235
0.407877
0.424176
0.440908
0.457840
0.458424
0.457488
0.456553
0.455622
0.454692
0.453766
0.452841
0.451920
0.451001
0.450084
0.449171
0.448260
0.447351
0.446446
0.445543
0.444643
0.443746
0.442852
0.441960
0.441072
0.440186
0.439303
0.438424
0.437547
0.436673
0.435802
0.434935
0.434070
0.433209
0.432350
0.431495
0.430643
0.429794
0.428949
0.428107
0.427267
0.426432
0.425599
0.424770
0.423944
0.423122
0.421200
0.419671
0.419323
0.419867
0.419062
0.418260
0.417462
0.416667
0.415876
0.415089
0.414305
0.413525
0.412749
0.411976
0.411207
0.410442
0.409681
0.408923
0.408169
0.407419
0.406673
0.405930
0.405192
0.404457
0.403726
0.402999
0.402277
0.401558
0.400843
0.400132
0.399425
0.398723
0.398024
0.397329
0.396639
0.395952
0.395270
0.394592
0.393918
0.393249
0.392583
0.391922
0.391265
0.390613
0.389964
0.389320
0.388681
0.388046
0.387415
0.386788
0.386166
0.385548
0.384935
0.384326
0.383722
0.383122
0.382526
0.381935
0.381349
0.380767
0.380190
0.379617
0.379049
0.378486
0.377927
0.377373
0.376823
0.376279
0.375739
0.375203
0.374672
0.374146
0.373625
0.373109
0.372597
0.365511
0.356069
0.345115
0.332835
0.319432
0.305126
0.290149
0.274742
0.259148
0.243613
0.228376
0.213672
0.199722
0.186736
0.174903
0.164393
0.155353
0.147906
0.142146
0.138142
0.135932
0.135526
0.135957
0.136266
0.136453
0.136521
0.136474
0.136317
0.136055
0.135697
0.135249
0.134722
0.134123
0.133463
0.132752
0.131998
0.131213
0.130405
0.129584
0.128757
0.127933
0.127119
0.126321
0.125543
0.124790
0.124065
0.123370
0.122512
0.121304
0.119763
0.117909
0.115770
0.113376
0.110765
0.107976
0.105053
0.102042
0.098990
0.095946
0.092958
0.090075
0.087343
0.084807
0.082508
0.080485
0.078772
0.077400
0.076392
0.075768
0.075541
0.075721
0.076307
0.076802
0.076715
0.076059
0.074858
0.073143
0.070953
0.068333
0.065336
0.062017
0.058438
0.054664
0.050761
0.046797
0.042842
0.038962
0.035223
0.031688
0.028417
0.025464
0.022877
0.020701
0.018969
0.017712
0.016949
