-0.049931
-0.049931
-0.049931
-0.049930
-0.049929
-0.049928
-0.049926
-0.049925
-0.049923
-0.049921
-0.049918
-0.049915
-0.049912
-0.049909
-0.049905
-0.049901
-0.049897
-0.049892
-0.049887
-0.049882
-0.049876
-0.049870
-0.049864
-0.049858
-0.049851
-0.049844
-0.049836
-0.049828
-0.049820
-0.049812
-0.049803
-0.049794
-0.049784
-0.049774
-0.049764
-0.049754
-0.049743
-0.049732
-0.049720
-0.049708
-0.049696
-0.049683
-0.049670
-0.049657
-0.049644
-0.049631
-0.049617
-0.049604
-0.049591
-0.049578
-0.049565
-0.049553
-0.049541
-0.049528
-0.049517
-0.049505
-0.049493
-0.049482
-0.049471
-0.049461
-0.049450
-0.049440
-0.049431
-0.049421
-0.049413
-0.049405
-0.049399
-0.049392
-0.049387
-0.049381
-0.049376
-0.049370
-0.049363
-0.049356
-0.049347
-0.049337
-0.049326
-0.049316
-0.049306
-0.049296
-0.049287
-0.049277
-0.049268
-0.049260
-0.049251
-0.049242
-0.049233
-0.049224
-0.049215
-0.049204
-0.049192
-0.049179
-0.049165
-0.049149
-0.049132
-0.049115
-0.049097
-0.049079
-0.049061
-0.049043
-0.049026
-0.049010
-0.048994
-0.048978
-0.048963
-0.048949
-0.048935
-0.048922
-0.048909
-0.048897
-0.048885
-0.048874
-0.048863
-0.048852
-0.048842
-0.048833
-0.048825
-0.048817
-0.048811
-0.048805
-0.048800
-0.048796
-0.048793
-0.048790
-0.048789
-0.048788
-0.048787
-0.048788
-0.048788
-0.048789
-0.048791
-0.048793
-0.048796
-0.048800
-0.048804
-0.048809
-0.048815
-0.048822
-0.048829
-0.048839
-0.048850
-0.048863
-0.048877
-0.048893
-0.048908
-0.048923
-0.048937
-0.048949
-0.048959
-0.048967
-0.048971
-0.048973
-0.048976
-0.048980
-0.048983
-0.048986
-0.048989
-0.048992
-0.048993
-0.048994
-0.048994
-0.048992
-0.048989
-0.048984
-0.048979
-0.048974
-0.048969
-0.048964
-0.048959
-0.048955
-0.048952
-0.048950
-0.048950
-0.048951
-0.048954
-0.048959
-0.048963
-0.048962
-0.048958
-0.048950
-0.048939
-0.048925
-0.048909
-0.048893
-0.048877
-0.048861
-0.048847
-0.048835
-0.048825
-0.048814
-0.048802
-0.048789
-0.048775
-0.048761
-0.048746
-0.048730
-0.048715
-0.048701
-0.048686
-0.048673
-0.048660
-0.048651
-0.048647
-0.048649
-0.048656
-0.048667
-0.048683
-0.048703
-0.048725
-0.048749
-0.048774
-0.048799
-0.048823
-0.048847
-0.048868
-0.048887
-0.048903
-0.048916
-0.048926
-0.048934
-0.048940
-0.048944
-0.048946
-0.048948
-0.048948
-0.048948
-0.048946
-0.048943
-0.048937
-0.048930
-0.048920
-0.048910
-0.048898
-0.048885
-0.048871
-0.048857
-0.048842
-0.048827
-0.048812
-0.048797
-0.048782
-0.048766
-0.048750
-0.048733
-0.048716
-0.048698
-0.048680
-0.048660
-0.048640
-0.048618
-0.048595
-0.048571
-0.048544
-0.048514
-0.048482
-0.048447
-0.048409
-0.048369
-0.048325
-0.048280
-0.048232
-0.048182
-0.048130
-0.048079
-0.048032
-0.047991
-0.047957
-0.047930
-0.047910
-0.047897
-0.047892
-0.047895
-0.047905
-0.047923
-0.047947
-0.047979
-0.048016
-0.048055
-0.048096
-0.048139
-0.048183
-0.048228
-0.048272
-0.048316
-0.048358
-0.048399
-0.048437
-0.048472
-0.048504
-0.048538
-0.048573
-0.048610
-0.048648
-0.048687
-0.048727
-0.048768
-0.048810
-0.048851
-0.048893
-0.048934
-0.048974
-0.049016
-0.049061
-0.049108
-0.049159
-0.049212
-0.049268
-0.049327
-0.049388
-0.049451
-0.049516
-0.049583
-0.049650
-0.049717
-0.049779
-0.049834
-0.049883
-0.049925
-0.049962
-0.049992
-0.050018
-0.050040
-0.050058
-0.050074
-0.050087
-0.050099
-0.050106
-0.050105
-0.050097
-0.050083
-0.050065
-0.050046
-0.050027
-0.050011
-0.050001
-0.049999
-0.050006
-0.050024
-0.050051
-0.050080
-0.050107
-0.050134
-0.050159
-0.050182
-0.050202
-0.050219
-0.050234
-0.050244
-0.050251
-0.050254
-0.050253
-0.050252
-0.050256
-0.050264
-0.050274
-0.050284
-0.050292
-0.050295
-0.050290
-0.050275
-0.050246
-0.050203
-0.050143
-0.050068
-0.049986
-0.049900
-0.049809
-0.049714
-0.049615
-0.049512
-0.049405
-0.049294
-0.049179
-0.049060
-0.048939
-0.048814
-0.048680
-0.048529
-0.048363
-0.048184
-0.047996
-0.047801
-0.047604
-0.047409
-0.047219
-0.047038
-0.046870
-0.046717
-0.046579
-0.046442
-0.046307
-0.046174
-0.046045
-0.045923
-0.045808
-0.045704
-0.045611
-0.045533
-0.045470
-0.045424
-0.045395
-0.045372
-0.045342
-0.045306
-0.045263
-0.045213
-0.045158
-0.045098
-0.045032
-0.044962
-0.044889
-0.044814
-0.044738
-0.044663
-0.044596
-0.044539
-0.044492
-0.044457
-0.044432
-0.044418
-0.044414
-0.044420
-0.044434
-0.044456
-0.044487
-0.044524
-0.044570
-0.044623
-0.044684
-0.044751
-0.044822
-0.044895
-0.044969
-0.045039
-0.045106
-0.045165
-0.045217
-0.045260
-0.045297
-0.045344
-0.045405
-0.045479
-0.045564
-0.045658
-0.045758
-0.045863
-0.045968
-0.046072
-0.046173
-0.046267
-0.046355
-0.046452
-0.046575
-0.046722
-0.046892
-0.047083
-0.047290
-0.047511
-0.047743
-0.047981
-0.048223
-0.048466
-0.048707
-0.048943
-0.049167
-0.049377
-0.049576
-0.049766
-0.049951
-0.050135
-0.050324
-0.050520
-0.050730
-0.050956
-0.051202
-0.051469
-0.051737
-0.051987
-0.052221
-0.052441
-0.052651
-0.052857
-0.053064
-0.053279
-0.053505
-0.053749
-0.054013
-0.054300
-0.054605
-0.054904
-0.055189
-0.055461
-0.055717
-0.055956
-0.056178
-0.056382
-0.056568
-0.056735
-0.056882
-0.057011
-0.057119
-0.057235
-0.057389
-0.057576
-0.057794
-0.058038
-0.058302
-0.058578
-0.058861
-0.059143
-0.059416
-0.059677
-0.059918
-0.060147
-0.060411
-0.060717
-0.061056
-0.061418
-0.061792
-0.062166
-0.062525
-0.062856
-0.063148
-0.063390
-0.063572
-0.063691
-0.063773
-0.063846
-0.063911
-0.063970
-0.064023
-0.064073
-0.064121
-0.064170
-0.064221
-0.064277
-0.064339
-0.064408
-0.064479
-0.064527
-0.064547
-0.064543
-0.064521
-0.064485
-0.064444
-0.064404
-0.064372
-0.064357
-0.064362
-0.064394
-0.064454
-0.064532
-0.064615
-0.064700
-0.064783
-0.064861
-0.064928
-0.064977
-0.065005
-0.065004
-0.064972
-0.064905
-0.064802
-0.064667
-0.064529
-0.064392
-0.064260
-0.064135
-0.064019
-0.063915
-0.063823
-0.063746
-0.063684
-0.063639
-0.063611
-0.063602
-0.063577
-0.063501
-0.063377
-0.063212
-0.063011
-0.062784
-0.062539
-0.062285
-0.062033
-0.061792
-0.061569
-0.061372
-0.061198
-0.061011
-0.060808
-0.060595
-0.060377
-0.060163
-0.059959
-0.059774
-0.059614
-0.059486
-0.059396
-0.059349
-0.059347
-0.059364
-0.059370
-0.059367
-0.059358
-0.059344
-0.059330
-0.059319
-0.059314
-0.059319
-0.059337
-0.059369
-0.059417
-0.059484
-0.059583
-0.059712
-0.059867
-0.060040
-0.060225
-0.060411
-0.060589
-0.060750
-0.060884
-0.060983
-0.061042
-0.061057
-0.061079
-0.061159
-0.061294
-0.061477
-0.061700
-0.061951
-0.062221
-0.062496
-0.062765
-0.063016
-0.063239
-0.063425
-0.063571
-0.063683
-0.063763
-0.063806
-0.063813
-0.063785
-0.063721
-0.063625
-0.063497
-0.063340
-0.063157
-0.062947
-0.062714
-0.062454
-0.062166
-0.061854
-0.061521
-0.061172
-0.060815
-0.060455
-0.060102
-0.059760
-0.059437
-0.059137
-0.058865
-0.058621
-0.058394
-0.058182
-0.057984
-0.057797
-0.057619
-0.057446
-0.057276
-0.057104
-0.056929
-0.056746
-0.056555
-0.056353
-0.056153
-0.055967
-0.055792
-0.055620
-0.055444
-0.055254
-0.055039
-0.054790
-0.054497
-0.054154
-0.053755
-0.053299
-0.052790
-0.052256
-0.051708
-0.051154
-0.050600
-0.050058
-0.049536
-0.049043
-0.048590
-0.048184
-0.047831
-0.047537
-0.047306
-0.047070
-0.046762
-0.046386
-0.045950
-0.045465
-0.044942
-0.044394
-0.043836
-0.043280
-0.042741
-0.042227
-0.041749
-0.041309
-0.040904
-0.040531
-0.040190
-0.039875
-0.039582
-0.039302
-0.039029
-0.038755
-0.038472
-0.038175
-0.037857
-0.037517
-0.037168
-0.036823
-0.036483
-0.036146
-0.035813
-0.035483
-0.035153
-0.034824
-0.034494
-0.034162
-0.033827
-0.033488
-0.033143
-0.032768
-0.032362
-0.031930
-0.031476
-0.031009
-0.030536
-0.030066
-0.029607
-0.029169
-0.028756
-0.028376
-0.028031
-0.027702
-0.027368
-0.027031
-0.026692
-0.026355
-0.026022
-0.025697
-0.025381
-0.025078
-0.024790
-0.024517
-0.024259
-0.024014
-0.023762
-0.023498
-0.023222
-0.022932
-0.022627
-0.022307
-0.021971
-0.021621
-0.021255
-0.020875
-0.020481
-0.020075
-0.019687
-0.019350
-0.019064
-0.018827
-0.018638
-0.018494
-0.018391
-0.018325
-0.018293
-0.018290
-0.018310
-0.018349
-0.018405
-0.018482
-0.018578
-0.018686
-0.018801
-0.018917
-0.019028
-0.019129
-0.019214
-0.019278
-0.019318
-0.019330
-0.019314
-0.019293
-0.019290
-0.019306
-0.019338
-0.019384
-0.019441
-0.019504
-0.019572
-0.019639
-0.019703
-0.019760
-0.019807
-0.019844
-0.019879
-0.019911
-0.019939
-0.019960
-0.019973
-0.019975
-0.019964
-0.019939
-0.019899
-0.019842
-0.019769
-0.019680
-0.019618
-0.019624
-0.019694
-0.019821
-0.019994
-0.020201
-0.020428
-0.020660
-0.020884
-0.021089
-0.021264
-0.021404
-0.021520
-0.021694
-0.021939
-0.022249
-0.022618
-0.023037
-0.023495
-0.023979
-0.024480
-0.024987
-0.025489
-0.025981
-0.026457
-0.026904
-0.027310
-0.027679
-0.028015
-0.028326
-0.028619
-0.028905
-0.029192
-0.029489
-0.029804
-0.030142
-0.030509
-0.030892
-0.031215
-0.031467
-0.031656
-0.031792
-0.031888
-0.031960
-0.032023
-0.032093
-0.032185
-0.032312
-0.032483
-0.032706
-0.032949
-0.033183
-0.033409
-0.033631
-0.033854
-0.034083
-0.034324
-0.034581
-0.034861
-0.035167
-0.035502
-0.035867
-0.036262
-0.036673
-0.037097
-0.037531
-0.037971
-0.038413
-0.038855
-0.039292
-0.039721
-0.040137
-0.040540
-0.040925
-0.041292
-0.041673
-0.042098
-0.042563
-0.043064
-0.043592
-0.044139
-0.044697
-0.045256
-0.045808
-0.046345
-0.046861
-0.047354
-0.047834
-0.048384
-0.049015
-0.049718
-0.050485
-0.051301
-0.052153
-0.053023
-0.053896
-0.054756
-0.055592
-0.056391
-0.057148
-0.057864
-0.058546
-0.059192
-0.059799
-0.060367
-0.060894
-0.061379
-0.061823
-0.062226
-0.062588
-0.062913
-0.063204
-0.063462
-0.063678
-0.063856
-0.064007
-0.064142
-0.064277
-0.064424
-0.064598
-0.064812
-0.065079
-0.065408
-0.065808
-0.066282
-0.066780
-0.067251
-0.067699
-0.068126
-0.068539
-0.068945
-0.069351
-0.069766
-0.070195
-0.070647
-0.071126
-0.071638
-0.072178
-0.072707
-0.073223
-0.073727
-0.074225
-0.074722
-0.075222
-0.075733
-0.076258
-0.076804
-0.077374
-0.077971
-0.078595
-0.079227
-0.079848
-0.080456
-0.081054
-0.081642
-0.082224
-0.082802
-0.083378
-0.083953
-0.084529
-0.085107
-0.085684
-0.086252
-0.086770
-0.087231
-0.087632
-0.087976
-0.088266
-0.088504
-0.088696
-0.088844
-0.088955
-0.089031
-0.089075
-0.089090
-0.089060
-0.088974
-0.088835
-0.088649
-0.088424
-0.088171
-0.087900
-0.087623
-0.087351
-0.087093
-0.086860
-0.086659
-0.086492
-0.086350
-0.086232
-0.086140
-0.086072
-0.086027
-0.086002
-0.085994
-0.086000
-0.086017
-0.086042
-0.086074
-0.086111
-0.086134
-0.086129
-0.086094
-0.086031
-0.085942
-0.085828
-0.085693
-0.085538
-0.085367
-0.085184
-0.084991
-0.084794
-0.084593
-0.084374
-0.084138
-0.083894
-0.083649
-0.083414
-0.083197
-0.083009
-0.082859
-0.082756
-0.082707
-0.082718
-0.082794
-0.082917
-0.083069
-0.083249
-0.083454
-0.083682
-0.083929
-0.084190
-0.084461
-0.084739
-0.085019
-0.085299
-0.085576
-0.085850
-0.086121
-0.086391
-0.086661
-0.086936
-0.087221
-0.087520
-0.087839
-0.088183
-0.088558
-0.088967
-0.089414
-0.089901
-0.090439
-0.091037
-0.091693
-0.092405
-0.093168
-0.093977
-0.094825
-0.095707
-0.096614
-0.097542
-0.098482
-0.099431
-0.100390
-0.101408
-0.102485
-0.103612
-0.104779
-0.105970
-0.107172
-0.108368
-0.109542
-0.110681
-0.111772
-0.112806
-0.113776
-0.114744
-0.115776
-0.116872
-0.118034
-0.119259
-0.120548
-0.121899
-0.123311
-0.124780
-0.126303
-0.127874
-0.129489
-0.131138
-0.132812
-0.134499
-0.136191
-0.137879
-0.139551
-0.141198
-0.142812
-0.144382
-0.145901
-0.147363
-0.148761
-0.150091
-0.151422
-0.152822
-0.154288
-0.155814
-0.157394
-0.159018
-0.160677
-0.162359
-0.164055
-0.165752
-0.167441
-0.169113
-0.170768
-0.172448
-0.174153
-0.175874
-0.177598
-0.179313
-0.181005
-0.182659
-0.184261
-0.185798
-0.187261
-0.188639
-0.189926
-0.191195
-0.192517
-0.193890
-0.195307
-0.196760
-0.198240
-0.199734
-0.201232
-0.202722
-0.204194
-0.205638
-0.207048
-0.208429
-0.209839
-0.211284
-0.212758
-0.214255
-0.215765
-0.217277
-0.218781
-0.220266
-0.221721
-0.223138
-0.224510
-0.225831
-0.227112
-0.228366
-0.229591
-0.230784
-0.231941
-0.233059
-0.234133
-0.235161
-0.236139
-0.237066
-0.237942
-0.238767
-0.239529
-0.240143
-0.240608
-0.240942
-0.241174
-0.241336
-0.241467
-0.241605
-0.241791
-0.242060
-0.242444
-0.242968
-0.243648
-0.244276
-0.244643
-0.244767
-0.244675
-0.244408
-0.244014
-0.243546
-0.243060
-0.242614
-0.242259
-0.242042
-0.242000
-0.242142
-0.242378
-0.242701
-0.243117
-0.243629
-0.244238
-0.244939
-0.245730
-0.246605
-0.247557
-0.248582
-0.249674
-0.250831
-0.252099
-0.253525
-0.255093
-0.256782
-0.258562
-0.260397
-0.262250
-0.264078
-0.265846
-0.267516
-0.269061
-0.270458
-0.271726
-0.273040
-0.274423
-0.275867
-0.277356
-0.278874
-0.280400
-0.281914
-0.283394
-0.284822
-0.286179
-0.287452
-0.288632
-0.289808
-0.291071
-0.292420
-0.293852
-0.295364
-0.296951
-0.298607
-0.300326
-0.302097
-0.303913
-0.305761
-0.307629
-0.309485
-0.311213
-0.312788
-0.314209
-0.315482
-0.316619
-0.317637
-0.318556
-0.319395
-0.320175
-0.320913
-0.321622
-0.322311
-0.322950
-0.323509
-0.323992
-0.324408
-0.324770
-0.325091
-0.325386
-0.325671
-0.325962
-0.326270
-0.326605
-0.326974
-0.327366
-0.327702
-0.327968
-0.328164
-0.328291
-0.328353
-0.328354
-0.328299
-0.328193
-0.328041
-0.327846
-0.327613
-0.327344
-0.327011
-0.326586
-0.326072
-0.325470
-0.324785
-0.324022
-0.323187
-0.322287
-0.321331
-0.320327
-0.319286
-0.318218
-0.317139
-0.316077
-0.315048
-0.314060
-0.313120
-0.312235
-0.311409
-0.310646
-0.309949
-0.309318
-0.308757
-0.308267
-0.307848
-0.307433
-0.306958
-0.306420
-0.305822
-0.305162
-0.304442
-0.303664
-0.302828
-0.301940
-0.301004
-0.300027
-0.299019
-0.297995
-0.297004
-0.296064
-0.295183
-0.294372
-0.293637
-0.292985
-0.292421
-0.291948
-0.291570
-0.291288
-0.291103
-0.291017
-0.290965
-0.290881
-0.290766
-0.290622
-0.290448
-0.290247
-0.290021
-0.289771
-0.289499
-0.289207
-0.288896
-0.288569
-0.288246
-0.288048
-0.287987
-0.288043
-0.288189
-0.288391
-0.288610
-0.288807
-0.288941
-0.288976
-0.288880
-0.288630
-0.288213
-0.287816
-0.287627
-0.287636
-0.287824
-0.288167
-0.288635
-0.289193
-0.289806
-0.290440
-0.291060
-0.291638
-0.292150
-0.292569
-0.292841
-0.292956
-0.292926
-0.292769
-0.292513
-0.292190
-0.291836
-0.291486
-0.291174
-0.290929
-0.290772
-0.290718
-0.290736
-0.290792
-0.290887
-0.291025
-0.291212
-0.291453
-0.291754
-0.292118
-0.292550
-0.293052
-0.293623
-0.294260
-0.294959
-0.295732
-0.296567
-0.297448
-0.298353
-0.299262
-0.300148
-0.300989
-0.301761
-0.302442
-0.303016
-0.303467
-0.303789
-0.304031
-0.304251
-0.304452
-0.304638
-0.304816
-0.304994
-0.305182
-0.305387
-0.305618
-0.305880
-0.306179
-0.306516
-0.306888
-0.307283
-0.307694
-0.308112
-0.308527
-0.308928
-0.309304
-0.309643
-0.309933
-0.310163
-0.310326
-0.310413
-0.310422
-0.310412
-0.310442
-0.310503
-0.310579
-0.310653
-0.310703
-0.310704
-0.310634
-0.310471
-0.310196
-0.309795
-0.309259
-0.308592
-0.307829
-0.306985
-0.306070
-0.305097
-0.304083
-0.303044
-0.301998
-0.300962
-0.299951
-0.298979
-0.298056
-0.297188
-0.296182
-0.294848
-0.293212
-0.291313
-0.289200
-0.286934
-0.284578
-0.282200
-0.279862
-0.277623
-0.275533
-0.273630
-0.271910
-0.270215
-0.268527
-0.266858
-0.265217
-0.263614
-0.262056
-0.260551
-0.259106
-0.257727
-0.256418
-0.255181
-0.254019
-0.252960
-0.252024
-0.251193
-0.250436
-0.249716
-0.248986
-0.248198
-0.247304
-0.246258
-0.245021
-0.243562
-0.241864
-0.239945
-0.237969
-0.235970
-0.233954
-0.231926
-0.229894
-0.227863
-0.225840
-0.223829
-0.221837
-0.219868
-0.217927
-0.216017
-0.214123
-0.212231
-0.210346
-0.208474
-0.206622
-0.204796
-0.203006
-0.201257
-0.199556
-0.197911
-0.196325
-0.194802
-0.193360
-0.192087
-0.190990
-0.190051
-0.189247
-0.188547
-0.187920
-0.187330
-0.186743
-0.186128
-0.185459
-0.184715
-0.183884
-0.183002
-0.182109
-0.181215
-0.180333
-0.179480
-0.178677
-0.177944
-0.177303
-0.176772
-0.176367
-0.176100
-0.175975
-0.175958
-0.175844
-0.175604
-0.175251
-0.174807
-0.174300
-0.173763
-0.173231
-0.172738
-0.172317
-0.171994
-0.171788
-0.171712
-0.171811
-0.172123
-0.172630
-0.173306
-0.174118
-0.175027
-0.175992
-0.176969
-0.177918
-0.178800
-0.179583
-0.180240
-0.180777
-0.181327
-0.181899
-0.182478
-0.183048
-0.183587
-0.184077
-0.184498
-0.184832
-0.185063
-0.185177
-0.185164
-0.185019
-0.184774
-0.184466
-0.184098
-0.183679
-0.183217
-0.182724
-0.182211
-0.181691
-0.181174
-0.180671
-0.180190
-0.179738
-0.179314
-0.178908
-0.178514
-0.178130
-0.177753
-0.177376
-0.176993
-0.176598
-0.176183
-0.175743
-0.175270
-0.174760
-0.174209
-0.173519
-0.172595
-0.171449
-0.170097
-0.168560
-0.166866
-0.165045
-0.163127
-0.161143
-0.159124
-0.157094
-0.155078
-0.153075
-0.150996
-0.148840
-0.146623
-0.144368
-0.142093
-0.139822
-0.137575
-0.135372
-0.133230
-0.131165
-0.129187
-0.127304
-0.125546
-0.123935
-0.122460
-0.121098
-0.119822
-0.118599
-0.117393
-0.116170
-0.114894
-0.113538
-0.112077
-0.110496
-0.108807
-0.107125
-0.105468
-0.103840
-0.102239
-0.100668
-0.099127
-0.097615
-0.096134
-0.094683
-0.093262
-0.091871
-0.090511
-0.089142
-0.087729
-0.086285
-0.084829
-0.083386
-0.081985
-0.080657
-0.079432
-0.078338
-0.077396
-0.076624
-0.076030
-0.075594
-0.075201
-0.074824
-0.074452
-0.074076
-0.073688
-0.073278
-0.072839
-0.072364
-0.071847
-0.071284
-0.070671
-0.070006
-0.069284
-0.068500
-0.067657
-0.066756
-0.065803
-0.064801
-0.063757
-0.062676
-0.061565
-0.060428
-0.059271
-0.058101
-0.056915
-0.055683
-0.054406
-0.053092
-0.051753
-0.050399
-0.049043
-0.047700
-0.046380
-0.045095
-0.043856
-0.042670
-0.041542
-0.040467
-0.039435
-0.038440
-0.037475
-0.036528
-0.035587
-0.034636
-0.033663
-0.032654
-0.031599
-0.030491
-0.029326
-0.028120
-0.026959
-0.025859
-0.024823
-0.023850
-0.022940
-0.022090
-0.021296
-0.020555
-0.019863
-0.019217
-0.018613
-0.018051
-0.017479
-0.016846
-0.016155
-0.015410
-0.014617
-0.013780
-0.012907
-0.012003
-0.011076
-0.010129
-0.009168
-0.008196
-0.007199
-0.006090
-0.004860
-0.003522
-0.002091
-0.000590
0.000960
0.002532
0.004101
0.005645
0.007143
0.008579
0.009939
0.011267
0.012606
0.013950
0.015292
0.016622
0.017931
0.019210
0.020448
0.021636
0.022765
0.023827
0.024815
0.025723
0.026539
0.027260
0.027887
0.028423
0.028873
0.029244
0.029542
0.029774
0.029946
0.030065
0.030135
0.030158
0.030206
0.030349
0.030581
0.030890
0.031262
0.031681
0.032128
0.032583
0.033028
0.033445
0.033820
0.034139
0.034404
0.034672
0.034947
0.035220
0.035483
0.035725
0.035937
0.036109
0.036233
0.036299
0.036301
0.036235
0.036097
0.035910
0.035701
0.035467
0.035211
0.034931
0.034630
0.034308
0.033966
0.033605
0.033226
0.032831
0.032419
0.031989
0.031523
0.031020
0.030484
0.029918
0.029328
0.028719
0.028096
0.027465
0.026830
0.026197
0.025567
0.024944
0.024282
0.023538
0.022718
0.021829
0.020880
0.019879
0.018839
0.017769
0.016681
0.015585
0.014490
0.013405
0.012331
0.011241
0.010137
0.009027
0.007921
0.006828
0.005755
0.004714
0.003711
0.002753
0.001847
0.000996
0.000203
-0.000557
-0.001305
-0.002041
-0.002762
-0.003466
-0.004151
-0.004813
-0.005452
-0.006065
-0.006651
-0.007208
-0.007738
-0.008239
-0.008713
-0.009163
-0.009589
-0.009994
-0.010379
-0.010748
-0.011102
-0.011443
-0.011774
-0.012096
-0.012411
-0.012720
-0.013064
-0.013479
-0.013958
-0.014490
-0.015063
-0.015663
-0.016276
-0.016890
-0.017492
-0.018071
-0.018620
-0.019134
-0.019618
-0.020121
-0.020648
-0.021193
-0.021750
-0.022313
-0.022873
-0.023426
-0.023964
-0.024484
-0.024980
-0.025452
-0.025896
-0.026322
-0.026738
-0.027148
-0.027555
-0.027968
-0.028391
-0.028833
-0.029297
-0.029789
-0.030310
-0.030861
-0.031440
-0.032036
-0.032604
-0.033137
-0.033635
-0.034099
-0.034530
-0.034931
-0.035306
-0.035656
-0.035985
-0.036295
-0.036588
-0.036865
-0.037156
-0.037484
-0.037842
-0.038224
-0.038622
-0.039027
-0.039433
-0.039830
-0.040214
-0.040580
-0.040923
-0.041241
-0.041538
-0.041834
-0.042131
-0.042425
-0.042714
-0.042995
-0.043267
-0.043526
-0.043772
-0.044003
-0.044218
-0.044417
-0.044599
-0.044769
-0.044928
-0.045079
-0.045220
-0.045353
-0.045479
-0.045597
-0.045709
-0.045815
-0.045915
-0.046009
-0.046099
-0.046183
-0.046261
-0.046333
-0.046398
-0.046457
-0.046509
-0.046554
-0.046593
-0.046625
-0.046650
-0.046668
-0.046679
