-0.049931
-0.049930
-0.049928
-0.049924
-0.049918
-0.049911
-0.049902
-0.049891
-0.049879
-0.049865
-0.049850
-0.049833
-0.049815
-0.049795
-0.049773
-0.049750
-0.049725
-0.049699
-0.049672
-0.049643
-0.049613
-0.049582
-0.049550
-0.049516
-0.049481
-0.049445
-0.049407
-0.049369
-0.049330
-0.049290
-0.049249
-0.049208
-0.049166
-0.049123
-0.049080
-0.049036
-0.048991
-0.048945
-0.048899
-0.048852
-0.048805
-0.048757
-0.048709
-0.048660
-0.048611
-0.048561
-0.048512
-0.048463
-0.048413
-0.048364
-0.048315
-0.048268
-0.048222
-0.048179
-0.048138
-0.048099
-0.048062
-0.048026
-0.047993
-0.047960
-0.047929
-0.047898
-0.047867
-0.047836
-0.047805
-0.047776
-0.047747
-0.047718
-0.047691
-0.047663
-0.047635
-0.047608
-0.047580
-0.047553
-0.047525
-0.047496
-0.047467
-0.047436
-0.047403
-0.047368
-0.047333
-0.047298
-0.047264
-0.047231
-0.047201
-0.047175
-0.047153
-0.047136
-0.047125
-0.047114
-0.047103
-0.047092
-0.047082
-0.047072
-0.047063
-0.047056
-0.047051
-0.047048
-0.047048
-0.047051
-0.047058
-0.047067
-0.047077
-0.047088
-0.047100
-0.047112
-0.047125
-0.047138
-0.047153
-0.047169
-0.047185
-0.047204
-0.047223
-0.047245
-0.047273
-0.047306
-0.047345
-0.047390
-0.047441
-0.047497
-0.047559
-0.047625
-0.047695
-0.047769
-0.047845
-0.047924
-0.048001
-0.048070
-0.048131
-0.048185
-0.048234
-0.048278
-0.048321
-0.048363
-0.048408
-0.048457
-0.048512
-0.048575
-0.048644
-0.048706
-0.048759
-0.048803
-0.048839
-0.048870
-0.048898
-0.048924
-0.048951
-0.048981
-0.049017
-0.049061
-0.049112
-0.049177
-0.049262
-0.049364
-0.049484
-0.049619
-0.049768
-0.049929
-0.050099
-0.050274
-0.050453
-0.050633
-0.050812
-0.050992
-0.051189
-0.051403
-0.051634
-0.051881
-0.052140
-0.052409
-0.052684
-0.052962
-0.053241
-0.053517
-0.053787
-0.054049
-0.054307
-0.054564
-0.054818
-0.055067
-0.055311
-0.055546
-0.055771
-0.055983
-0.056180
-0.056362
-0.056526
-0.056671
-0.056800
-0.056922
-0.057039
-0.057151
-0.057259
-0.057364
-0.057466
-0.057564
-0.057659
-0.057750
-0.057838
-0.057922
-0.058002
-0.058068
-0.058108
-0.058125
-0.058117
-0.058087
-0.058036
-0.057967
-0.057881
-0.057783
-0.057675
-0.057559
-0.057438
-0.057316
-0.057203
-0.057102
-0.057014
-0.056936
-0.056868
-0.056806
-0.056749
-0.056691
-0.056631
-0.056565
-0.056492
-0.056410
-0.056326
-0.056248
-0.056176
-0.056111
-0.056051
-0.055996
-0.055945
-0.055897
-0.055852
-0.055807
-0.055762
-0.055715
-0.055664
-0.055594
-0.055503
-0.055392
-0.055263
-0.055120
-0.054968
-0.054811
-0.054654
-0.054501
-0.054358
-0.054228
-0.054112
-0.054000
-0.053878
-0.053746
-0.053603
-0.053451
-0.053287
-0.053114
-0.052929
-0.052733
-0.052526
-0.052307
-0.052076
-0.051829
-0.051539
-0.051204
-0.050827
-0.050415
-0.049975
-0.049516
-0.049049
-0.048583
-0.048130
-0.047697
-0.047294
-0.046926
-0.046576
-0.046227
-0.045883
-0.045549
-0.045231
-0.044935
-0.044668
-0.044438
-0.044251
-0.044114
-0.044032
-0.044010
-0.044055
-0.044201
-0.044450
-0.044797
-0.045233
-0.045745
-0.046321
-0.046944
-0.047600
-0.048272
-0.048949
-0.049620
-0.050279
-0.050936
-0.051602
-0.052277
-0.052960
-0.053650
-0.054345
-0.055044
-0.055745
-0.056446
-0.057147
-0.057845
-0.058539
-0.059221
-0.059843
-0.060402
-0.060903
-0.061357
-0.061778
-0.062182
-0.062586
-0.063006
-0.063459
-0.063960
-0.064520
-0.065145
-0.065806
-0.066469
-0.067133
-0.067795
-0.068453
-0.069105
-0.069746
-0.070375
-0.070987
-0.071580
-0.072152
-0.072703
-0.073237
-0.073773
-0.074317
-0.074868
-0.075426
-0.075990
-0.076559
-0.077131
-0.077703
-0.078275
-0.078843
-0.079408
-0.079967
-0.080542
-0.081152
-0.081797
-0.082477
-0.083190
-0.083935
-0.084711
-0.085515
-0.086345
-0.087197
-0.088068
-0.088956
-0.089866
-0.090857
-0.091932
-0.093076
-0.094274
-0.095502
-0.096737
-0.097954
-0.099128
-0.100235
-0.101254
-0.102170
-0.102970
-0.103740
-0.104567
-0.105444
-0.106364
-0.107312
-0.108274
-0.109234
-0.110175
-0.111080
-0.111935
-0.112727
-0.113444
-0.114093
-0.114735
-0.115378
-0.116018
-0.116650
-0.117267
-0.117863
-0.118430
-0.118962
-0.119452
-0.119894
-0.120284
-0.120618
-0.120899
-0.121133
-0.121320
-0.121467
-0.121579
-0.121665
-0.121732
-0.121790
-0.121849
-0.121918
-0.122005
-0.122118
-0.122248
-0.122310
-0.122299
-0.122227
-0.122115
-0.121984
-0.121860
-0.121770
-0.121741
-0.121795
-0.121955
-0.122238
-0.122654
-0.123131
-0.123593
-0.124043
-0.124485
-0.124926
-0.125374
-0.125836
-0.126321
-0.126838
-0.127394
-0.127994
-0.128642
-0.129340
-0.130075
-0.130845
-0.131646
-0.132475
-0.133328
-0.134198
-0.135080
-0.135968
-0.136858
-0.137745
-0.138624
-0.139494
-0.140302
-0.140997
-0.141588
-0.142087
-0.142511
-0.142882
-0.143223
-0.143560
-0.143918
-0.144320
-0.144786
-0.145333
-0.145954
-0.146553
-0.147121
-0.147669
-0.148209
-0.148757
-0.149329
-0.149943
-0.150614
-0.151358
-0.152185
-0.153108
-0.154130
-0.155264
-0.156514
-0.157869
-0.159307
-0.160803
-0.162324
-0.163836
-0.165302
-0.166690
-0.167969
-0.169114
-0.170107
-0.170958
-0.171770
-0.172563
-0.173339
-0.174103
-0.174857
-0.175606
-0.176353
-0.177102
-0.177856
-0.178619
-0.179391
-0.180175
-0.180936
-0.181646
-0.182317
-0.182974
-0.183646
-0.184369
-0.185180
-0.186118
-0.187218
-0.188509
-0.190013
-0.191740
-0.193664
-0.195619
-0.197565
-0.199489
-0.201380
-0.203226
-0.205018
-0.206747
-0.208407
-0.209989
-0.211490
-0.212905
-0.214230
-0.215655
-0.217368
-0.219353
-0.221581
-0.224015
-0.226610
-0.229315
-0.232076
-0.234841
-0.237559
-0.240184
-0.242677
-0.245046
-0.247486
-0.250009
-0.252581
-0.255164
-0.257715
-0.260189
-0.262538
-0.264718
-0.266689
-0.268416
-0.269872
-0.271038
-0.272026
-0.272957
-0.273842
-0.274697
-0.275546
-0.276416
-0.277335
-0.278334
-0.279441
-0.280678
-0.282065
-0.283612
-0.285281
-0.286807
-0.288153
-0.289337
-0.290385
-0.291335
-0.292230
-0.293116
-0.294041
-0.295046
-0.296170
-0.297441
-0.298875
-0.300422
-0.302021
-0.303658
-0.305312
-0.306958
-0.308565
-0.310103
-0.311538
-0.312841
-0.313988
-0.314959
-0.315743
-0.316389
-0.317213
-0.318260
-0.319506
-0.320916
-0.322439
-0.324021
-0.325598
-0.327110
-0.328498
-0.329714
-0.330717
-0.331483
-0.332043
-0.332442
-0.332689
-0.332799
-0.332794
-0.332699
-0.332544
-0.332359
-0.332176
-0.332023
-0.331928
-0.331913
-0.331955
-0.331821
-0.331494
-0.331015
-0.330435
-0.329817
-0.329226
-0.328735
-0.328412
-0.328321
-0.328516
-0.329039
-0.329919
-0.331054
-0.332332
-0.333746
-0.335283
-0.336928
-0.338660
-0.340457
-0.342296
-0.344154
-0.346011
-0.347847
-0.349649
-0.351436
-0.353376
-0.355486
-0.357744
-0.360121
-0.362583
-0.365089
-0.367598
-0.370071
-0.372469
-0.374760
-0.376918
-0.378926
-0.380773
-0.382454
-0.383974
-0.385339
-0.386561
-0.387654
-0.388633
-0.389514
-0.390314
-0.391046
-0.391723
-0.392355
-0.392933
-0.393381
-0.393690
-0.393868
-0.393922
-0.393865
-0.393708
-0.393466
-0.393151
-0.392778
-0.392358
-0.391902
-0.391419
-0.390795
-0.389918
-0.388797
-0.387450
-0.385897
-0.384162
-0.382272
-0.380256
-0.378145
-0.375971
-0.373765
-0.371559
-0.369372
-0.367180
-0.365003
-0.362872
-0.360821
-0.358883
-0.357090
-0.355473
-0.354061
-0.352878
-0.351946
-0.351280
-0.350891
-0.350556
-0.350047
-0.349374
-0.348549
-0.347593
-0.346526
-0.345374
-0.344163
-0.342920
-0.341671
-0.340440
-0.339245
-0.338080
-0.336806
-0.335418
-0.333941
-0.332409
-0.330859
-0.329333
-0.327872
-0.326516
-0.325304
-0.324266
-0.323429
-0.322809
-0.322448
-0.322378
-0.322591
-0.323067
-0.323782
-0.324706
-0.325802
-0.327032
-0.328358
-0.329739
-0.331140
-0.332529
-0.333926
-0.335605
-0.337577
-0.339782
-0.342151
-0.344597
-0.347032
-0.349362
-0.351496
-0.353351
-0.354858
-0.355962
-0.356629
-0.357249
-0.358219
-0.359520
-0.361120
-0.362976
-0.365039
-0.367252
-0.369556
-0.371893
-0.374208
-0.376454
-0.378591
-0.380620
-0.382695
-0.384828
-0.386996
-0.389174
-0.391338
-0.393461
-0.395518
-0.397485
-0.399340
-0.401065
-0.402644
-0.404065
-0.405267
-0.406191
-0.406848
-0.407259
-0.407452
-0.407460
-0.407323
-0.407083
-0.406782
-0.406459
-0.406152
-0.405893
-0.405648
-0.405106
-0.404245
-0.403121
-0.401803
-0.400375
-0.398927
-0.397554
-0.396346
-0.395386
-0.394746
-0.394479
-0.394621
-0.394794
-0.394618
-0.394112
-0.393311
-0.392261
-0.391016
-0.389638
-0.388186
-0.386722
-0.385301
-0.383971
-0.382768
-0.381672
-0.380427
-0.379006
-0.377436
-0.375749
-0.373981
-0.372174
-0.370370
-0.368607
-0.366922
-0.365346
-0.363903
-0.362607
-0.361392
-0.360190
-0.359003
-0.357836
-0.356694
-0.355584
-0.354512
-0.353481
-0.352494
-0.351549
-0.350640
-0.349757
-0.348870
-0.347871
-0.346729
-0.345427
-0.343953
-0.342299
-0.340457
-0.338423
-0.336194
-0.333768
-0.331145
-0.328325
-0.325310
-0.322273
-0.319391
-0.316661
-0.314082
-0.311649
-0.309355
-0.307190
-0.305144
-0.303202
-0.301348
-0.299563
-0.297824
-0.296144
-0.294707
-0.293504
-0.292473
-0.291538
-0.290610
-0.289594
-0.288395
-0.286919
-0.285082
-0.282813
-0.280057
-0.276782
-0.273410
-0.270366
-0.267627
-0.265149
-0.262879
-0.260749
-0.258688
-0.256623
-0.254480
-0.252196
-0.249716
-0.246999
-0.244040
-0.240941
-0.237722
-0.234392
-0.230967
-0.227468
-0.223921
-0.220355
-0.216797
-0.213273
-0.209807
-0.206416
-0.203113
-0.199900
-0.196776
-0.193730
-0.190747
-0.187806
-0.184884
-0.181956
-0.178996
-0.175982
-0.172895
-0.169724
-0.166462
-0.163179
-0.160269
-0.157784
-0.155690
-0.153932
-0.152440
-0.151129
-0.149913
-0.148702
-0.147415
-0.145979
-0.144339
-0.142458
-0.140352
-0.138051
-0.135563
-0.132905
-0.130101
-0.127177
-0.124167
-0.121102
-0.118017
-0.114943
-0.111908
-0.108935
-0.105992
-0.102807
-0.099358
-0.095689
-0.091856
-0.087926
-0.083974
-0.080077
-0.076308
-0.072737
-0.069421
-0.066405
-0.063718
-0.061131
-0.058411
-0.055570
-0.052628
-0.049610
-0.046548
-0.043475
-0.040426
-0.037437
-0.034540
-0.031765
-0.029138
-0.026669
-0.024325
-0.022110
-0.020029
-0.018086
-0.016284
-0.014621
-0.013095
-0.011703
-0.010441
-0.009305
-0.008290
-0.007394
-0.006601
-0.005891
-0.005252
-0.004661
-0.004093
-0.003517
-0.002901
-0.002215
-0.001430
-0.000525
0.000516
0.001699
0.003011
0.004395
0.005821
0.007263
0.008690
0.010067
0.011358
0.012526
0.013537
0.014359
0.014966
0.015338
0.015464
0.015508
0.015642
0.015862
0.016164
0.016545
0.016998
0.017518
0.018100
0.018738
0.019429
0.020171
0.020963
0.021810
0.022732
0.023737
0.024829
0.026012
0.027292
0.028672
0.030157
0.031750
0.033453
0.035270
0.037199
0.039241
0.041435
0.043812
0.046343
0.048984
0.051678
0.054362
0.056967
0.059425
0.061674
0.063665
0.065360
0.066742
0.067849
0.068934
0.070057
0.071242
0.072512
0.073892
0.075403
0.077066
0.078899
0.080918
0.083134
0.085556
0.088189
0.090685
0.092704
0.094283
0.095476
0.096356
0.097009
0.097529
0.098014
0.098558
0.099247
0.100153
0.101334
0.102792
0.104340
0.105957
0.107649
0.109419
0.111269
0.113195
0.115192
0.117253
0.119374
0.121547
0.123768
0.126034
0.128458
0.131143
0.134074
0.137223
0.140555
0.144026
0.147590
0.151197
0.154799
0.158350
0.161809
0.165144
0.168336
0.171407
0.174355
0.177175
0.179868
0.182438
0.184894
0.187249
0.189512
0.191698
0.193815
0.195873
0.197876
0.199961
0.202258
0.204759
0.207448
0.210307
0.213312
0.216439
0.219659
0.222941
0.226257
0.229575
0.232867
0.236133
0.239510
0.242988
0.246521
0.250055
0.253529
0.256882
0.260051
0.262977
0.265610
0.267906
0.269834
0.271377
0.272709
0.274008
0.275277
0.276517
0.277730
0.278918
0.280082
0.281225
0.282350
0.283461
0.284563
0.285662
0.286755
0.287781
0.288746
0.289672
0.290584
0.291514
0.292494
0.293557
0.294735
0.296055
0.297540
0.299208
0.301067
0.302834
0.304228
0.305275
0.306010
0.306483
0.306752
0.306879
0.306929
0.306967
0.307049
0.307226
0.307538
0.307947
0.308090
0.307937
0.307539
0.306962
0.306282
0.305581
0.304943
0.304449
0.304172
0.304173
0.304497
0.305171
0.305964
0.306637
0.307196
0.307647
0.308002
0.308270
0.308466
0.308601
0.308689
0.308741
0.308766
0.308771
0.308780
0.308914
0.309180
0.309553
0.309998
0.310473
0.310928
0.311313
0.311579
0.311680
0.311578
0.311246
0.310664
0.310071
0.309699
0.309532
0.309542
0.309694
0.309948
0.310261
0.310589
0.310891
0.311133
0.311286
0.311334
0.311279
0.311189
0.311085
0.310981
0.310895
0.310848
0.310865
0.310968
0.311180
0.311521
0.312005
0.312642
0.313437
0.314237
0.314890
0.315401
0.315779
0.316037
0.316194
0.316267
0.316280
0.316251
0.316200
0.316145
0.316099
0.316095
0.316265
0.316621
0.317139
0.317783
0.318509
0.319266
0.319998
0.320652
0.321178
0.321535
0.321691
0.321626
0.321508
0.321509
0.321622
0.321841
0.322154
0.322549
0.323013
0.323530
0.324088
0.324671
0.325266
0.325862
0.326434
0.326885
0.327202
0.327396
0.327483
0.327488
0.327438
0.327363
0.327293
0.327253
0.327267
0.327349
0.327510
0.327759
0.328102
0.328538
0.329063
0.329674
0.330370
0.331145
0.331995
0.332910
0.333881
0.334893
0.335931
0.336942
0.337723
0.338235
0.338478
0.338465
0.338217
0.337763
0.337132
0.336358
0.335471
0.334500
0.333464
0.332378
0.331237
0.330035
0.328778
0.327473
0.326134
0.324773
0.323403
0.322039
0.320694
0.319377
0.318098
0.316860
0.315665
0.314515
0.313404
0.312320
0.311248
0.310172
0.309074
0.307934
0.306735
0.305462
0.304101
0.302643
0.301084
0.299431
0.297695
0.295880
0.293995
0.292047
0.290048
0.288008
0.285940
0.283856
0.281770
0.279695
0.277642
0.275643
0.273812
0.272169
0.270705
0.269405
0.268247
0.267203
0.266244
0.265339
0.264462
0.263588
0.262699
0.261783
0.260924
0.260205
0.259616
0.259138
0.258750
0.258425
0.258134
0.257846
0.257531
0.257164
0.256720
0.256182
0.255532
0.254728
0.253770
0.252669
0.251446
0.250127
0.248744
0.247330
0.245919
0.244542
0.243227
0.241995
0.240860
0.239752
0.238599
0.237417
0.236228
0.235061
0.233949
0.232927
0.232028
0.231284
0.230720
0.230357
0.230203
0.230246
0.230400
0.230637
0.230941
0.231293
0.231673
0.232059
0.232429
0.232765
0.233046
0.233258
0.233391
0.233436
0.233571
0.233966
0.234596
0.235416
0.236371
0.237393
0.238410
0.239350
0.240141
0.240722
0.241041
0.241062
0.240814
0.240587
0.240420
0.240301
0.240208
0.240118
0.240004
0.239839
0.239594
0.239246
0.238772
0.238156
0.237387
0.236447
0.235324
0.234025
0.232561
0.230948
0.229204
0.227351
0.225410
0.223403
0.221351
0.219274
0.217186
0.215092
0.212949
0.210757
0.208525
0.206263
0.203978
0.201681
0.199378
0.197076
0.194783
0.192504
0.190242
0.188002
0.185652
0.183067
0.180264
0.177272
0.174125
0.170866
0.167540
0.164196
0.160880
0.157636
0.154503
0.151514
0.148669
0.145847
0.143044
0.140280
0.137580
0.134966
0.132461
0.130090
0.127871
0.125824
0.123962
0.122296
0.120830
0.119467
0.118107
0.116746
0.115376
0.113989
0.112578
0.111132
0.109645
0.108110
0.106521
0.104878
0.103181
0.101438
0.099673
0.097898
0.096124
0.094365
0.092635
0.090947
0.089316
0.087755
0.086275
0.084885
0.083592
0.082401
0.081303
0.080287
0.079343
0.078458
0.077615
0.076794
0.075972
0.075128
0.074241
0.073293
0.072270
0.071163
0.069984
0.068828
0.067710
0.066626
0.065572
0.064540
0.063525
0.062517
0.061509
0.060495
0.059468
0.058424
0.057362
0.056230
0.054985
0.053646
0.052238
0.050795
0.049358
0.047967
0.046664
0.045487
0.044468
0.043630
0.042989
0.042519
0.042054
0.041561
0.041039
0.040486
0.039903
0.039292
0.038656
0.037998
0.037322
0.036631
0.035928
0.035214
0.034581
0.034117
0.033806
0.033628
0.033555
0.033556
0.033596
0.033642
0.033660
0.033620
0.033499
0.033279
0.032959
0.032596
0.032200
0.031772
0.031317
0.030840
0.030348
0.029849
0.029351
0.028861
0.028386
0.027929
0.027494
0.027021
0.026450
0.025788
0.025042
0.024223
0.023344
0.022418
0.021460
0.020486
0.019509
0.018544
0.017603
0.016710
0.015959
0.015363
0.014911
0.014587
0.014367
0.014224
0.014129
0.014053
0.013969
0.013856
0.013695
0.013476
0.013238
0.013018
0.012817
0.012629
0.012451
0.012276
0.012101
0.011919
0.011725
0.011515
0.011284
0.011029
0.010744
0.010384
0.009948
0.009445
0.008890
0.008298
0.007687
0.007075
0.006481
0.005920
0.005406
0.004948
0.004552
0.004262
0.004119
0.004108
0.004210
0.004400
0.004648
0.004925
0.005198
0.005437
0.005614
0.005705
0.005692
0.005577
0.005441
0.005290
0.005114
0.004901
0.004639
0.004318
0.003927
0.003455
0.002894
0.002239
0.001484
0.000629
-0.000361
-0.001511
-0.002805
-0.004217
-0.005717
-0.007269
-0.008834
-0.010374
-0.011855
-0.013243
-0.014515
-0.015653
-0.016677
-0.017755
-0.018908
-0.020124
-0.021386
-0.022676
-0.023973
-0.025255
-0.026503
-0.027697
-0.028823
-0.029868
-0.030826
-0.031743
-0.032665
-0.033592
-0.034519
-0.035445
-0.036366
-0.037278
-0.038178
-0.039063
-0.039929
-0.040775
-0.041599
-0.042393
-0.043125
-0.043791
-0.044399
-0.044959
-0.045483
-0.045985
-0.046478
-0.046976
-0.047492
-0.048034
-0.048611
-0.049228
-0.049829
-0.050362
-0.050832
-0.051247
-0.051615
-0.051949
-0.052261
-0.052564
-0.052870
-0.053192
-0.053541
-0.053926
-0.054360
-0.054876
-0.055480
-0.056167
-0.056931
-0.057760
-0.058642
-0.059563
-0.060508
-0.061464
-0.062420
-0.063366
-0.064296
-0.065202
-0.066076
-0.066918
-0.067730
-0.068513
-0.069270
-0.070003
-0.070717
-0.071412
-0.072094
-0.072763
-0.073422
-0.074060
-0.074607
-0.075056
-0.075420
-0.075717
-0.075966
-0.076189
-0.076410
-0.076650
-0.076930
-0.077265
-0.077669
-0.078149
-0.078667
-0.079184
-0.079702
-0.080220
-0.080741
-0.081266
-0.081796
-0.082333
-0.082878
-0.083431
-0.083993
-0.084562
-0.085143
-0.085762
-0.086421
-0.087109
-0.087817
-0.088529
-0.089232
-0.089912
-0.090554
-0.091144
-0.091672
-0.092130
-0.092512
-0.092869
-0.093250
-0.093654
-0.094072
-0.094498
-0.094923
-0.095337
-0.095731
-0.096097
-0.096425
-0.096709
-0.096945
-0.097129
-0.097245
-0.097297
-0.097290
-0.097233
-0.097138
-0.097018
-0.096887
-0.096758
-0.096643
-0.096553
-0.096495
-0.096476
-0.096450
-0.096374
-0.096255
-0.096104
-0.095934
-0.095763
-0.095607
-0.095484
-0.095410
-0.095400
-0.095462
-0.095604
-0.095821
-0.096077
-0.096361
-0.096665
-0.096980
-0.097295
-0.097599
-0.097881
-0.098129
-0.098334
-0.098488
-0.098585
-0.098620
-0.098657
-0.098756
-0.098909
-0.099106
-0.099331
-0.099568
-0.099798
-0.100005
-0.100170
-0.100279
-0.100320
-0.100285
-0.100183
-0.100084
-0.099999
-0.099923
-0.099850
-0.099773
-0.099684
-0.099577
-0.099443
-0.099277
-0.099073
-0.098828
-0.098538
-0.098220
-0.097888
-0.097544
-0.097190
-0.096830
-0.096467
-0.096105
-0.095746
-0.095396
-0.095056
-0.094731
-0.094422
-0.094124
-0.093793
-0.093429
-0.093038
-0.092630
-0.092218
-0.091812
-0.091427
-0.091072
-0.090759
-0.090494
-0.090283
-0.090127
-0.089979
-0.089790
-0.089564
-0.089306
-0.089021
-0.088718
-0.088404
-0.088086
-0.087771
-0.087465
-0.087173
-0.086899
-0.086635
-0.086346
-0.086027
-0.085682
-0.085314
-0.084930
-0.084534
-0.084132
-0.083730
-0.083330
-0.082938
-0.082556
-0.082184
-0.081814
-0.081435
-0.081049
-0.080658
-0.080265
-0.079874
-0.079486
-0.079106
-0.078735
-0.078376
-0.078031
-0.077699
-0.077382
-0.077085
-0.076808
-0.076546
-0.076294
-0.076048
-0.075803
-0.075553
-0.075294
-0.075021
-0.074731
-0.074423
-0.074096
-0.073784
-0.073518
-0.073292
-0.073096
-0.072923
-0.072760
-0.072598
-0.072426
-0.072236
-0.072020
-0.071772
-0.071490
-0.071180
-0.070873
-0.070575
-0.070284
-0.069996
-0.069710
-0.069424
-0.069134
-0.068839
-0.068537
-0.068226
-0.067907
-0.067579
-0.067240
-0.066885
-0.066519
-0.066143
-0.065761
-0.065378
-0.064996
-0.064618
-0.064249
-0.063890
-0.063543
-0.063210
-0.062890
-0.062578
-0.062273
-0.061975
-0.061685
-0.061404
-0.061132
-0.060868
-0.060614
-0.060370
-0.060135
-0.059909
-0.059694
-0.059484
-0.059278
-0.059075
-0.058876
-0.058682
-0.058495
-0.058314
-0.058142
-0.057979
-0.057826
-0.057683
-0.057550
-0.057428
-0.057310
-0.057197
-0.057088
-0.056986
-0.056892
-0.056806
-0.056731
-0.056668
-0.056617
-0.056580
-0.056558
