-0.049931
-0.049931
-0.049930
-0.049929
-0.049927
-0.049924
-0.049921
-0.049918
-0.049914
-0.049909
-0.049904
-0.049899
-0.049892
-0.049886
-0.049878
-0.049871
-0.049862
-0.049853
-0.049844
-0.049834
-0.049823
-0.049812
-0.049801
-0.049788
-0.049776
-0.049762
-0.049748
-0.049734
-0.049719
-0.049703
-0.049687
-0.049670
-0.049653
-0.049635
-0.049617
-0.049598
-0.049579
-0.049559
-0.049538
-0.049517
-0.049495
-0.049473
-0.049450
-0.049426
-0.049402
-0.049378
-0.049353
-0.049327
-0.049301
-0.049274
-0.049247
-0.049219
-0.049191
-0.049162
-0.049133
-0.049103
-0.049073
-0.049042
-0.049011
-0.048979
-0.048947
-0.048914
-0.048881
-0.048847
-0.048813
-0.048778
-0.048743
-0.048708
-0.048672
-0.048636
-0.048599
-0.048563
-0.048525
-0.048488
-0.048450
-0.048412
-0.048373
-0.048334
-0.048295
-0.048256
-0.048216
-0.048177
-0.048137
-0.048096
-0.048056
-0.048016
-0.047975
-0.047934
-0.047893
-0.047852
-0.047811
-0.047770
-0.047729
-0.047688
-0.047647
-0.047606
-0.047565
-0.047524
-0.047483
-0.047442
-0.047401
-0.047361
-0.047321
-0.047282
-0.047244
-0.047207
-0.047171
-0.047136
-0.047101
-0.047068
-0.047036
-0.047005
-0.046976
-0.046947
-0.046920
-0.046894
-0.046870
-0.046847
-0.046825
-0.046805
-0.046786
-0.046769
-0.046754
-0.046740
-0.046728
-0.046717
-0.046708
-0.046701
-0.046696
-0.046692
-0.046690
-0.046690
-0.046692
-0.046695
-0.046700
-0.046707
-0.046716
-0.046726
-0.046738
-0.046752
-0.046768
-0.046785
-0.046805
-0.046825
-0.046848
-0.046872
-0.046897
-0.046925
-0.046953
-0.046984
-0.047015
-0.047048
-0.047082
-0.047118
-0.047155
-0.047193
-0.047232
-0.047272
-0.047312
-0.047354
-0.047397
-0.047440
-0.047484
-0.047529
-0.047574
-0.047619
-0.047665
-0.047710
-0.047756
-0.047802
-0.047848
-0.047894
-0.047939
-0.047984
-0.048028
-0.048072
-0.048114
-0.048156
-0.048197
-0.048237
-0.048276
-0.048313
-0.048349
-0.048383
-0.048416
-0.048447
-0.048476
-0.048502
-0.048527
-0.048549
-0.048569
-0.048586
-0.048601
-0.048612
-0.048621
-0.048627
-0.048630
-0.048629
-0.048625
-0.048618
-0.048607
-0.048596
-0.048588
-0.048583
-0.048582
-0.048584
-0.048590
-0.048600
-0.048614
-0.048631
-0.048652
-0.048677
-0.048706
-0.048740
-0.048777
-0.048819
-0.048865
-0.048915
-0.048970
-0.049029
-0.049093
-0.049161
-0.049234
-0.049311
-0.049392
-0.049479
-0.049569
-0.049665
-0.049765
-0.049869
-0.049978
-0.050092
-0.050210
-0.050333
-0.050460
-0.050592
-0.050728
-0.050869
-0.051014
-0.051163
-0.051316
-0.051474
-0.051635
-0.051801
-0.051970
-0.052144
-0.052321
-0.052502
-0.052686
-0.052874
-0.053066
-0.053260
-0.053458
-0.053659
-0.053863
-0.054069
-0.054278
-0.054490
-0.054704
-0.054921
-0.055139
-0.055360
-0.055582
-0.055806
-0.056032
-0.056259
-0.056487
-0.056716
-0.056946
-0.057177
-0.057408
-0.057640
-0.057872
-0.058104
-0.058336
-0.058567
-0.058798
-0.059028
-0.059258
-0.059486
-0.059713
-0.059939
-0.060163
-0.060386
-0.060606
-0.060825
-0.061041
-0.061255
-0.061466
-0.061675
-0.061880
-0.062083
-0.062282
-0.062478
-0.062670
-0.062859
-0.063044
-0.063225
-0.063402
-0.063574
-0.063742
-0.063911
-0.064085
-0.064264
-0.064449
-0.064640
-0.064836
-0.065038
-0.065245
-0.065458
-0.065677
-0.065902
-0.066132
-0.066368
-0.066610
-0.066857
-0.067110
-0.067369
-0.067633
-0.067903
-0.068179
-0.068460
-0.068747
-0.069039
-0.069336
-0.069639
-0.069947
-0.070260
-0.070578
-0.070902
-0.071230
-0.071563
-0.071900
-0.072243
-0.072589
-0.072940
-0.073295
-0.073655
-0.074018
-0.074385
-0.074755
-0.075129
-0.075506
-0.075887
-0.076270
-0.076656
-0.077045
-0.077436
-0.077830
-0.078225
-0.078622
-0.079021
-0.079421
-0.079823
-0.080225
-0.080628
-0.081032
-0.081436
-0.081840
-0.082244
-0.082648
-0.083051
-0.083453
-0.083855
-0.084255
-0.084653
-0.085050
-0.085444
-0.085837
-0.086226
-0.086613
-0.086998
-0.087379
-0.087756
-0.088130
-0.088500
-0.088865
-0.089227
-0.089583
-0.089935
-0.090281
-0.090623
-0.090959
-0.091289
-0.091613
-0.091931
-0.092242
-0.092547
-0.092845
-0.093136
-0.093420
-0.093697
-0.093966
-0.094227
-0.094481
-0.094726
-0.094963
-0.095192
-0.095412
-0.095624
-0.095827
-0.096027
-0.096230
-0.096436
-0.096646
-0.096859
-0.097076
-0.097296
-0.097519
-0.097745
-0.097975
-0.098209
-0.098445
-0.098686
-0.098929
-0.099176
-0.099426
-0.099680
-0.099937
-0.100197
-0.100460
-0.100727
-0.100997
-0.101270
-0.101546
-0.101825
-0.102107
-0.102392
-0.102680
-0.102971
-0.103264
-0.103561
-0.103859
-0.104161
-0.104464
-0.104771
-0.105079
-0.105390
-0.105702
-0.106017
-0.106334
-0.106652
-0.106972
-0.107294
-0.107617
-0.107941
-0.108267
-0.108593
-0.108921
-0.109250
-0.109579
-0.109909
-0.110239
-0.110570
-0.110901
-0.111232
-0.111563
-0.111893
-0.112224
-0.112554
-0.112883
-0.113212
-0.113539
-0.113866
-0.114192
-0.114516
-0.114839
-0.115160
-0.115479
-0.115797
-0.116112
-0.116426
-0.116737
-0.117046
-0.117352
-0.117655
-0.117956
-0.118254
-0.118549
-0.118840
-0.119128
-0.119413
-0.119694
-0.119972
-0.120246
-0.120516
-0.120782
-0.121044
-0.121302
-0.121556
-0.121805
-0.122050
-0.122290
-0.122526
-0.122757
-0.122983
-0.123204
-0.123421
-0.123632
-0.123839
-0.124041
-0.124239
-0.124435
-0.124629
-0.124820
-0.125010
-0.125197
-0.125383
-0.125566
-0.125747
-0.125926
-0.126102
-0.126277
-0.126449
-0.126620
-0.126788
-0.126954
-0.127118
-0.127280
-0.127441
-0.127599
-0.127755
-0.127910
-0.128062
-0.128213
-0.128362
-0.128509
-0.128654
-0.128798
-0.128940
-0.129081
-0.129220
-0.129357
-0.129494
-0.129628
-0.129762
-0.129894
-0.130025
-0.130155
-0.130284
-0.130412
-0.130539
-0.130665
-0.130790
-0.130915
-0.131039
-0.131162
-0.131285
-0.131407
-0.131530
-0.131651
-0.131773
-0.131894
-0.132016
-0.132137
-0.132259
-0.132381
-0.132503
-0.132625
-0.132748
-0.132871
-0.132995
-0.133120
-0.133245
-0.133372
-0.133499
-0.133627
-0.133756
-0.133886
-0.134018
-0.134151
-0.134285
-0.134421
-0.134559
-0.134698
-0.134838
-0.134981
-0.135125
-0.135271
-0.135419
-0.135570
-0.135722
-0.135876
-0.136033
-0.136192
-0.136353
-0.136517
-0.136683
-0.136852
-0.137023
-0.137197
-0.137373
-0.137553
-0.137735
-0.137919
-0.138107
-0.138297
-0.138490
-0.138686
-0.138885
-0.139088
-0.139284
-0.139465
-0.139631
-0.139782
-0.139918
-0.140039
-0.140145
-0.140235
-0.140310
-0.140370
-0.140415
-0.140445
-0.140460
-0.140460
-0.140445
-0.140415
-0.140371
-0.140312
-0.140239
-0.140152
-0.140050
-0.139935
-0.139807
-0.139664
-0.139509
-0.139341
-0.139160
-0.138967
-0.138761
-0.138544
-0.138315
-0.138075
-0.137824
-0.137563
-0.137292
-0.137010
-0.136720
-0.136420
-0.136112
-0.135795
-0.135471
-0.135139
-0.134800
-0.134455
-0.134103
-0.133746
-0.133384
-0.133017
-0.132645
-0.132270
-0.131892
-0.131510
-0.131127
-0.130741
-0.130354
-0.129967
-0.129578
-0.129190
-0.128803
-0.128416
-0.128031
-0.127649
-0.127268
-0.126891
-0.126518
-0.126148
-0.125783
-0.125423
-0.125068
-0.124720
-0.124377
-0.124042
-0.123714
-0.123393
-0.123081
-0.122777
-0.122483
-0.122197
-0.121922
-0.121657
-0.121402
-0.121159
-0.120927
-0.120706
-0.120498
-0.120302
-0.120118
-0.119948
-0.119790
-0.119647
-0.119517
-0.119401
-0.119299
-0.119212
-0.119140
-0.119082
-0.119040
-0.119013
-0.119001
-0.119005
-0.119000
-0.118963
-0.118893
-0.118791
-0.118656
-0.118489
-0.118289
-0.118057
-0.117793
-0.117496
-0.117168
-0.116808
-0.116416
-0.115993
-0.115539
-0.115055
-0.114541
-0.113997
-0.113424
-0.112821
-0.112191
-0.111533
-0.110847
-0.110135
-0.109397
-0.108634
-0.107846
-0.107034
-0.106199
-0.105341
-0.104462
-0.103562
-0.102641
-0.101702
-0.100744
-0.099769
-0.098778
-0.097771
-0.096749
-0.095714
-0.094666
-0.093606
-0.092536
-0.091456
-0.090368
-0.089273
-0.088171
-0.087064
-0.085952
-0.084838
-0.083721
-0.082604
-0.081487
-0.080371
-0.079258
-0.078148
-0.077044
-0.075945
-0.074853
-0.073768
-0.072694
-0.071629
-0.070576
-0.069535
-0.068508
-0.067496
-0.066499
-0.065519
-0.064557
-0.063613
-0.062689
-0.061786
-0.060905
-0.060046
-0.059211
-0.058401
-0.057616
-0.056857
-0.056125
-0.055421
-0.054745
-0.054100
-0.053484
-0.052899
-0.052346
-0.051824
-0.051336
-0.050881
-0.050460
-0.050074
-0.049722
-0.049406
-0.049125
-0.048881
-0.048674
-0.048503
-0.048369
-0.048273
-0.048215
-0.048194
-0.048185
-0.048161
-0.048123
-0.048070
-0.048002
-0.047919
-0.047822
-0.047711
-0.047585
-0.047445
-0.047290
-0.047121
-0.046939
-0.046742
-0.046533
-0.046309
-0.046073
-0.045824
-0.045562
-0.045288
-0.045001
-0.044703
-0.044393
-0.044072
-0.043741
-0.043398
-0.043046
-0.042684
-0.042313
-0.041932
-0.041544
-0.041147
-0.040743
-0.040331
-0.039913
-0.039488
-0.039058
-0.038623
-0.038182
-0.037738
-0.037290
-0.036838
-0.036384
-0.035928
-0.035470
-0.035011
-0.034552
-0.034093
-0.033634
-0.033176
-0.032721
-0.032267
-0.031816
-0.031369
-0.030925
-0.030486
-0.030053
-0.029624
-0.029202
-0.028787
-0.028379
-0.027978
-0.027586
-0.027203
-0.026829
-0.026465
-0.026111
-0.025769
-0.025437
-0.025118
-0.024810
-0.024516
-0.024234
-0.023967
-0.023713
-0.023474
-0.023249
-0.023040
-0.022847
-0.022669
-0.022508
-0.022363
-0.022235
-0.022125
-0.022032
-0.021956
-0.021899
-0.021860
-0.021839
-0.021837
-0.021854
-0.021890
-0.021945
-0.022019
-0.022112
-0.022225
-0.022357
-0.022509
-0.022680
-0.022870
-0.023070
-0.023267
-0.023463
-0.023656
-0.023847
-0.024036
-0.024223
-0.024407
-0.024589
-0.024769
-0.024946
-0.025120
-0.025293
-0.025462
-0.025630
-0.025794
-0.025956
-0.026116
-0.026272
-0.026426
-0.026578
-0.026727
-0.026873
-0.027016
-0.027157
-0.027295
-0.027430
-0.027562
-0.027692
-0.027819
-0.027944
-0.028065
-0.028184
-0.028301
-0.028414
-0.028525
-0.028634
-0.028740
-0.028843
-0.028943
-0.029041
-0.029137
-0.029230
-0.029320
-0.029408
-0.029494
-0.029577
-0.029658
-0.029736
-0.029813
-0.029886
-0.029958
-0.030028
-0.030095
-0.030160
-0.030223
-0.030284
-0.030342
-0.030399
-0.030454
-0.030507
-0.030558
-0.030607
-0.030655
-0.030700
-0.030744
-0.030786
-0.030826
-0.030865
-0.030902
-0.030938
-0.030972
-0.031004
-0.031035
-0.031065
-0.031093
-0.031120
-0.031145
-0.031169
-0.031192
-0.031213
-0.031233
-0.031252
-0.031270
-0.031286
-0.031302
-0.031316
-0.031329
-0.031341
-0.031352
-0.031362
-0.031371
-0.031378
-0.031385
-0.031390
-0.031395
-0.031399
-0.031401
-0.031403
-0.031403
-0.031409
-0.031428
-0.031459
-0.031502
-0.031557
-0.031625
-0.031705
-0.031797
-0.031901
-0.032017
-0.032145
-0.032285
-0.032437
-0.032601
-0.032776
-0.032963
-0.033161
-0.033371
-0.033591
-0.033823
-0.034066
-0.034319
-0.034584
-0.034858
-0.035143
-0.035438
-0.035743
-0.036058
-0.036382
-0.036715
-0.037058
-0.037410
-0.037770
-0.038139
-0.038516
-0.038902
-0.039295
-0.039695
-0.040103
-0.040517
-0.040939
-0.041367
-0.041800
-0.042240
-0.042686
-0.043136
-0.043592
-0.044052
-0.044516
-0.044985
-0.045457
-0.045932
-0.046410
-0.046891
-0.047374
-0.047859
-0.048346
-0.048834
-0.049323
-0.049812
-0.050301
-0.050790
-0.051278
-0.051766
-0.052252
-0.052736
-0.053218
-0.053697
-0.054173
-0.054646
-0.055115
-0.055580
-0.056041
-0.056497
-0.056947
-0.057392
-0.057831
-0.058263
-0.058688
-0.059106
-0.059517
-0.059920
-0.060314
-0.060700
-0.061077
-0.061444
-0.061802
-0.062149
-0.062487
-0.062813
-0.063129
-0.063433
-0.063725
-0.064006
-0.064274
-0.064530
-0.064773
-0.065003
-0.065220
-0.065423
-0.065635
-0.065879
-0.066155
-0.066464
-0.066805
-0.067180
-0.067587
-0.068029
-0.068503
-0.069012
-0.069554
-0.070130
-0.070740
-0.071383
-0.072061
-0.072773
-0.073518
-0.074297
-0.075109
-0.075955
-0.076834
-0.077746
-0.078690
-0.079666
-0.080675
-0.081714
-0.082785
-0.083886
-0.085018
-0.086179
-0.087368
-0.088587
-0.089833
-0.091106
-0.092405
-0.093730
-0.095079
-0.096453
-0.097850
-0.099269
-0.100710
-0.102171
-0.103652
-0.105151
-0.106668
-0.108201
-0.109750
-0.111313
-0.112889
-0.114477
-0.116076
-0.117685
-0.119302
-0.120926
-0.122556
-0.124191
-0.125829
-0.127469
-0.129110
-0.130750
-0.132388
-0.134023
-0.135653
-0.137277
-0.138893
-0.140501
-0.142098
-0.143684
-0.145257
-0.146815
-0.148357
-0.149881
-0.151388
-0.152874
-0.154338
-0.155780
-0.157198
-0.158590
-0.159955
-0.161292
-0.162600
-0.163877
-0.165122
-0.166334
-0.167511
-0.168653
-0.169758
-0.170825
-0.171853
-0.172841
-0.173788
-0.174693
-0.175555
-0.176372
-0.177145
-0.177873
-0.178553
-0.179186
-0.179772
-0.180308
-0.180808
-0.181282
-0.181731
-0.182153
-0.182550
-0.182920
-0.183264
-0.183582
-0.183872
-0.184136
-0.184372
-0.184582
-0.184765
-0.184920
-0.185049
-0.185150
-0.185225
-0.185273
-0.185294
-0.185289
-0.185257
-0.185200
-0.185117
-0.185008
-0.184874
-0.184716
-0.184532
-0.184325
-0.184094
-0.183840
-0.183563
-0.183264
-0.182944
-0.182602
-0.182239
-0.181857
-0.181455
-0.181035
-0.180597
-0.180141
-0.179669
-0.179181
-0.178677
-0.178160
-0.177629
-0.177085
-0.176529
-0.175962
-0.175385
-0.174799
-0.174204
-0.173602
-0.172993
-0.172378
-0.171759
-0.171135
-0.170509
-0.169881
-0.169252
-0.168622
-0.167994
-0.167367
-0.166743
-0.166123
-0.165508
-0.164899
-0.164296
-0.163701
-0.163114
-0.162537
-0.161970
-0.161414
-0.160871
-0.160341
-0.159825
-0.159324
-0.158839
-0.158370
-0.157919
-0.157485
-0.157071
-0.156677
-0.156303
-0.155951
-0.155620
-0.155312
-0.155028
-0.154767
-0.154531
-0.154320
-0.154135
-0.153975
-0.153843
-0.153738
-0.153660
-0.153610
-0.153588
-0.153596
-0.153632
-0.153697
-0.153767
-0.153817
-0.153847
-0.153856
-0.153845
-0.153814
-0.153763
-0.153692
-0.153600
-0.153489
-0.153357
-0.153206
-0.153035
-0.152845
-0.152635
-0.152406
-0.152159
-0.151893
-0.151608
-0.151306
-0.150986
-0.150648
-0.150294
-0.149923
-0.149535
-0.149132
-0.148713
-0.148280
-0.147831
-0.147369
-0.146893
-0.146404
-0.145902
-0.145388
-0.144863
-0.144326
-0.143780
-0.143223
-0.142657
-0.142083
-0.141500
-0.140910
-0.140313
-0.139710
-0.139102
-0.138488
-0.137871
-0.137250
-0.136626
-0.135999
-0.135372
-0.134743
-0.134114
-0.133485
-0.132858
-0.132233
-0.131610
-0.130990
-0.130374
-0.129762
-0.129156
-0.128556
-0.127961
-0.127375
-0.126795
-0.126225
-0.125663
-0.125110
-0.124568
-0.124037
-0.123517
-0.123009
-0.122514
-0.122032
-0.121563
-0.121108
-0.120668
-0.120242
-0.119833
-0.119439
-0.119062
-0.118701
-0.118358
-0.118032
-0.117724
-0.117434
-0.117163
-0.116911
-0.116678
-0.116464
-0.116270
-0.116096
-0.115942
-0.115808
-0.115695
-0.115602
-0.115529
-0.115477
-0.115446
-0.115436
-0.115488
-0.115643
-0.115903
-0.116265
-0.116731
-0.117299
-0.117968
-0.118739
-0.119610
-0.120580
-0.121648
-0.122812
-0.124073
-0.125427
-0.126874
-0.128411
-0.130038
-0.131752
-0.133552
-0.135435
-0.137398
-0.139441
-0.141561
-0.143755
-0.146020
-0.148355
-0.150756
-0.153222
-0.155748
-0.158332
-0.160971
-0.163663
-0.166403
-0.169190
-0.172019
-0.174888
-0.177794
-0.180732
-0.183700
-0.186695
-0.189712
-0.192748
-0.195801
-0.198865
-0.201939
-0.205018
-0.208099
-0.211178
-0.214252
-0.217317
-0.220370
-0.223407
-0.226425
-0.229419
-0.232388
-0.235326
-0.238232
-0.241100
-0.243929
-0.246714
-0.249453
-0.252143
-0.254779
-0.257359
-0.259880
-0.262339
-0.264733
-0.267059
-0.269314
-0.271496
-0.273602
-0.275629
-0.277574
-0.279437
-0.281213
-0.282901
-0.284499
-0.286004
-0.287416
-0.288731
-0.289948
-0.291065
-0.292082
-0.292995
-0.293805
-0.294510
-0.295109
-0.295600
-0.295983
-0.296257
-0.296421
-0.296475
-0.296418
-0.296250
-0.295971
-0.295581
-0.295079
-0.294466
-0.293741
-0.292906
-0.292008
-0.291094
-0.290163
-0.289218
-0.288257
-0.287281
-0.286291
-0.285286
-0.284268
-0.283235
-0.282190
-0.281132
-0.280062
-0.278979
-0.277885
-0.276780
-0.275665
-0.274539
-0.273403
-0.272258
-0.271105
-0.269943
-0.268773
-0.267597
-0.266413
-0.265224
-0.264029
-0.262828
-0.261624
-0.260415
-0.259204
-0.257989
-0.256772
-0.255554
-0.254334
-0.253115
-0.251895
-0.250676
-0.249459
-0.248243
-0.247031
-0.245821
-0.244615
-0.243413
-0.242217
-0.241026
-0.239841
-0.238663
-0.237492
-0.236329
-0.235175
-0.234029
-0.232893
-0.231768
-0.230653
-0.229549
-0.228458
-0.227378
-0.226311
-0.225258
-0.224219
-0.223194
-0.222183
-0.221189
-0.220209
-0.219247
-0.218300
-0.217371
-0.216459
-0.215566
-0.214690
-0.213833
-0.212995
-0.212177
-0.211378
-0.210599
-0.209840
-0.209102
-0.208385
-0.207689
-0.207015
-0.206362
-0.205730
-0.205121
-0.204534
-0.203969
-0.203427
-0.202907
-0.202410
-0.201936
-0.201484
-0.201056
-0.200651
-0.200268
-0.199909
-0.199572
-0.199259
-0.198968
-0.198701
-0.198456
-0.198149
-0.197694
-0.197092
-0.196344
-0.195452
-0.194416
-0.193239
-0.191921
-0.190465
-0.188872
-0.187144
-0.185283
-0.183291
-0.181171
-0.178925
-0.176555
-0.174064
-0.171454
-0.168729
-0.165891
-0.162943
-0.159889
-0.156731
-0.153472
-0.150116
-0.146666
-0.143126
-0.139499
-0.135788
-0.131998
-0.128132
-0.124193
-0.120185
-0.116113
-0.111980
-0.107790
-0.103546
-0.099254
-0.094916
-0.090537
-0.086121
-0.081672
-0.077193
-0.072690
-0.068165
-0.063624
-0.059069
-0.054506
-0.049938
-0.045368
-0.040802
-0.036243
-0.031695
-0.027162
-0.022648
-0.018156
-0.013690
-0.009254
-0.004852
-0.000488
0.003836
0.008115
0.012346
0.016526
0.020651
0.024719
0.028725
0.032667
0.036542
0.040346
0.044078
0.047734
0.051311
0.054807
0.058219
0.061545
0.064783
0.067930
0.070984
0.073943
0.076805
0.079569
0.082232
0.084793
0.087250
0.089603
0.091849
0.093987
0.096017
0.097938
0.099747
0.101446
0.103032
0.104506
0.105866
0.107114
0.108248
0.109268
0.110174
0.110967
0.111720
0.112507
0.113329
0.114184
0.115073
0.115994
0.116948
0.117933
0.118949
0.119997
0.121074
0.122180
0.123315
0.124478
0.125668
0.126885
0.128127
0.129394
0.130686
0.132001
0.133338
0.134697
0.136076
0.137475
0.138893
0.140329
0.141782
0.143251
0.144734
0.146231
0.147742
0.149264
0.150796
0.152339
0.153890
0.155448
0.157013
0.158583
0.160158
0.161735
0.163314
0.164895
0.166475
0.168053
0.169629
0.171201
0.172769
0.174330
0.175885
0.177431
0.178968
0.180495
0.182010
0.183512
0.185001
0.186475
0.187933
0.189374
0.190798
0.192202
0.193586
0.194949
0.196290
0.197609
0.198903
0.200172
0.201415
0.202632
0.203821
0.204982
0.206113
0.207213
0.208283
0.209321
0.210327
0.211299
0.212238
0.213141
0.214009
0.214841
0.215637
0.216395
0.217116
0.217798
0.218441
0.219046
0.219610
0.220135
0.220618
0.221061
0.221463
0.221823
0.222142
0.222419
0.222653
0.222845
0.222994
0.223101
0.223165
0.223187
0.223166
0.223103
0.223000
0.222854
0.222668
0.222440
0.222172
0.221863
0.221513
0.221124
0.220696
0.220228
0.219722
0.219178
0.218597
0.217978
0.217324
0.216634
0.215909
0.215150
0.214358
0.213533
0.212676
0.211789
0.210872
0.209925
0.208951
0.207949
0.206922
0.205869
0.204792
0.203692
0.202570
0.201427
0.200264
0.199082
0.197883
0.196667
0.195436
0.194190
0.192932
0.191661
0.190379
0.189088
0.187788
0.186481
0.185167
0.183848
0.182525
0.181198
0.179870
0.178541
0.177212
0.175885
0.174559
0.173237
0.171919
0.170607
0.169300
0.168001
0.166710
0.165428
0.164155
0.162893
0.161643
0.160405
0.159179
0.157968
0.156771
0.155589
0.154422
0.153272
0.152139
0.151023
0.149925
0.148846
0.147785
0.146744
0.145722
0.144721
0.143739
0.142779
0.141839
0.140920
0.140023
0.139147
0.138292
0.137459
0.136649
0.135859
0.135092
0.134346
0.133623
0.132920
0.132240
0.131581
0.130943
0.130326
0.129731
0.129156
0.128587
0.128010
0.127424
0.126831
0.126230
0.125622
0.125006
0.124383
0.123754
0.123118
0.122477
0.121829
0.121176
0.120518
0.119855
0.119187
0.118515
0.117839
0.117159
0.116476
0.115790
0.115101
0.114410
0.113718
0.113023
0.112327
0.111630
0.110933
0.110235
0.109538
0.108841
0.108144
0.107449
0.106755
0.106064
0.105374
0.104687
0.104002
0.103321
0.102644
0.101970
0.101300
0.100635
0.099975
0.099321
0.098671
0.098028
0.097391
0.096760
0.096136
0.095519
0.094909
0.094308
0.093714
0.093128
0.092551
0.091983
0.091424
0.090875
0.090335
0.089805
0.089285
0.088776
0.088277
0.087789
0.087312
0.086846
0.086393
0.086393
0.086393
0.086393
0.086393
0.086393
0.086393
0.086393
0.086393
0.086393
0.086393
0.086393
0.086393
0.086393
0.086393
0.086393
0.086393
0.086393
0.086393
0.086393
0.086393
0.086393
0.086393
0.086393
0.086393
0.086393
0.086393
0.086393
0.086393
0.086393
0.086393
0.086393
